********************5: 9********************
+--------+-----------------+------------------+------------+-----------------+
|count(1)|high_profit_count|high_yield        |profit_count|yield            |
+--------+-----------------+------------------+------------+-----------------+
|536     |536              |2282.1563771013534|307         |749.2477732851117|
+--------+-----------------+------------------+------------+-----------------+

指标:
发行规模(done)
溢价率(done)
信用评级(done)
前一日成交额占发行规模的比例(done)
平均成交额占发行规模的比例(done)
首日开盘价(done)
首日涨幅(done)
首日成交额占发行规模的比例(done)

规律:
发行规模<300
溢价率<40
信用评级>='A+'
前一日成交额占发行规模的比例<300%
平均成交额占发行规模的比例<300%
首日开盘价<140
首日成交额占发行规模的比例<300%

7.445059962257253	-9.259146527059116	6.65	-1.5385506902605428	AA-	33.977325263157894	43.183983458646615	147.5	42.88	15.72819819548872	113586.SH	603185.SH	20200713
10.675664688186039	-7.7892511586307815	2.0	24.385305574210882	A+	96.683198	165.30604025	130.0	37.3	20.1544135	113566.SH	603499.SH	20200407
1.99145299145299	-7.6837606837606796	17.33	9.635105420326173	AA+	6.630318465089441	25.405433150605887	109.0	11.59	75.05331719561455	110056.SH	600487.SH	20190422
4.107438016528925	-7.495867768595036	28.0	3.6359096081148623	AA+	8.364026821428572	37.68497570535714	123.5	30.32	75.59926607142857	113015.SH	601012.SH	20171124
1.1777725081021222	-7.351197533791804	12.0	12.51634676366744	AA	2.53332225	25.00728610416666	124.5	29.5	77.13305675	113558.SH	603218.SH	20200120
3.3259773013871365	-7.313997477931905	8.0	5.867418142780445	AA-	14.666466	67.85016303125	130.0	28.74	176.657404	128111.SZ	002738.SZ	20200713
0.4846822130772759	-7.078189300411519	8.5	18.31915449834152	AA-	7.599330705882353	55.97002444117647	116.8	11.02	174.74935964705884	123076.SZ	300429.SZ	20201210
0.2000153857989006	-6.915916608969927	16.0	-4.505599125702875	AA+	7.4459365	39.801546203125	119.99	18.26	82.0117004375	110052.SH	600996.SH	20190404
0.0	-6.91428571428571	2.1	6.178814220570339	A+	2.9992961904761906	34.22491892857143	108.5	9.002	112.16862904761904	123024.SZ	300700.SZ	20190423
1.3879066478076318	-6.913012729844419	3.75	7.605479519270619	AA-	4.6985714666666665	28.529719333333336	112.0	14.9	85.30430586666667	123025.SZ	300567.SZ	20190425
1.4259259259259318	-5.731481481481479	29.9	12.288301886792441	AA	5.959962006688963	46.22429718227425	126.0	7.7	144.4290395986622	128128.SZ	002408.SZ	20200921
0.6632653061224548	-5.724489795918367	9.0	19.420292805469174	AA-	5.937203555555556	16.91745611111111	95.11	-8.44	25.53724966666667	123085.SZ	300057.SZ	20210104
2.0806411045871247	-5.620072679334962	1.9424	7.465277690420957	A+	18.354678233113674	42.51633005560132	109.75	13.0	111.81190331548598	128054.SZ	002891.SZ	20190320
3.106125970664361	-5.522001725625544	10.0	16.325968942727464	AA	15.0760471	71.91053920000002	109.0	11.72	114.6323909	113615.SH	603979.SH	20210120
0.21052631578947667	-5.473684210526319	2.45	15.101159618008197	A+	55.645140816326524	178.61682173469387	108.0	-8.51	150.6394587755102	128143.SZ	002931.SZ	20210204
0.1501854700081397	-5.446485117162757	6.0	0.7942335695214853	AA-	6.492737833333334	33.26641754166666	108.01	9.37	99.50493466666666	123023.SZ	300335.SZ	20190422
5.2650602409638605	-5.421686746987952	11.6	-0.6369430681356647	AA-	71.56299232758622	97.19521625	130.0	57.3	14.149638103448277	127043.SZ	002895.SZ	20210929
2.509301036966676	-5.390643552600334	5.85	18.662882527147072	AA-	170.0830876923077	83.7348547008547	116.11	13.81	123.61055846153847	123044.SZ	300427.SZ	20200417
0.11695906432747873	-5.3216374269005815	24.4	24.073852022121976	AA+	68.76717209016394	104.74429174180328	150.0	72.18	16.610640655737704	113616.SH	603501.SH	20210128
0.0	-4.980280656699997	14.0	11.342930812235297	AA	6.010119428571428	38.728345625	113.0	10.0	115.86131542857146	128141.SZ	002034.SZ	20210122
1.5075757575757645	-4.696969696969699	9.138	-2.978906315800667	AA	28.04255942219304	42.799273254541475	125.0	22.365	73.44640829503174	128055.SZ	002391.SZ	20190410
0.3152534152453323	-4.6722172823538815	3.92	11.200726813920813	AA-	3.2744566326530613	24.128269579081632	122.0	22.5	65.87313214285714	113553.SH	603180.SH	20200113
1.0761454426871087	-4.614381216370452	3.0	21.084234413952263	A+	6.301255666666666	33.64391541666667	122.44	20.01	97.821032	113594.SH	603516.SH	20200903
0.7142857142857134	-4.432989690721657	8.0	33.425351146153325	AA	6.690033125	13.007797531249997	130.0	37.69	9.64956825	113627.SH	603877.SH	20210812
0.7532956685499032	-4.422787193973637	8.0	13.760752577319568	AA	4.40710175	9.6538569375	107.0	6.7	24.889700875	128027.SZ	002815.SZ	20180126
3.555555555555564	-4.370370370370375	7.18	24.783829978259895	AA	12.837986768802226	25.364828098885788	130.0	30.0	3.35038356545961	128142.SZ	002946.SZ	20210125
4.209856915739271	-4.292527821939586	5.8119	18.656243359040282	A+	197.07326502520692	172.81959621638362	130.0	36.89	16.853670916567733	123122.SZ	300613.SZ	20210830
0.48952296032099185	-4.146232724030321	6.0	6.753929060514485	AA	5.633856	43.67541683333333	118.66	16.55	118.304719	128017.SZ	002597.SZ	20171201
0.475996192030456	-4.113967088263301	60.0	10.90032289129461	AAA	18.136199366666666	31.0704668625	136.2	37.89	14.24059346666667	113041.SH	601899.SH	20201203
0.6584362139917685	-3.9780521262002693	33.7	9.318737623762384	AA+	13.295222373887238	35.3679737462908	108.0	4.97	97.80317299703265	110072.SH	600297.SH	20200921
0.11560693641618093	-3.975100044464205	3.3	22.62949815348676	AA-	24.28036363636364	60.39564984848486	130.0	14.07	31.63583696969697	113568.SH	603667.SH	20200409
2.0413064361191138	-3.9625360230547573	7.2	0.688036269480774	AA-	6.701414166666668	30.258116736111116	136.01	21.75	18.09959388888889	113599.SH	603871.SH	20200911
0.7698295995156134	-3.857797768359133	8.1893	15.092741402615161	AA+	18.423138241363734	53.035700487221135	118.2	16.904	158.4739369665295	123048.SZ	300527.SZ	20200515
1.7006135656851598	-3.8214776006499864	3.2885	-6.824067577095027	AA	42.7395943439258	61.688830089706556	106.0	5.86	122.47878972175764	128052.SZ	002783.SZ	20190125
3.816030661556406	-3.7577070488251882	7.8	33.79509596769403	AA	2.59225	28.54282416666667	115.0	15.54	69.18961615384616	113614.SH	603707.SH	20210122
0.0	-3.750074702683321	9.2	6.86384922935217	AA-	7.5039022826086965	13.020029293478265	100.25	-0.31	26.699627934782608	128026.SZ	002772.SZ	20180109
4.310477067034825	-3.7429053535818344	6.89	5.644966480571401	AA	34.45380638606677	51.26103410740204	130.0	32.5	109.47300014513789	128113.SZ	002832.SZ	20200721
0.11729058743036315	-3.6946535040563004	7.0	15.638875825019172	AA	8.708574714285716	29.566336928571435	98.0	0.0	69.212443	127026.SZ	000823.SZ	20210120
0.0	-3.6910044372730906	16.0	7.506729331078077	AA+	0.1038698125	1.3480122499999998	98.12	-0.92	4.107849187499999	113006.SH	601139.SH	20140103
0.0	-3.5577722360764765	7.0469	9.326013061804051	AA-	6.6091918432218435	50.53058688927047	123.11	21.7	156.09236075437425	123050.SZ	300303.SZ	20200521
0.874403815580293	-3.5294117647058805	8.76	5.400500437926681	AA	9.84739189497717	30.12771803652968	125.0	30.57	82.17158801369865	110055.SH	600197.SH	20190411
0.10893246187364763	-3.420479302832245	28.0	6.768953408904066	AA+	17.988630464285716	31.56647084821428	99.5	-6.85	76.02810382142857	127027.SZ	000552.SZ	20210128
1.3900865132233506	-3.3193408696805737	5.25	5.2624543868747375	AA	11.415088380952382	32.024328952380955	107.0	5.732	89.2545819047619	128060.SZ	002822.SZ	20190419
2.998392282958191	-3.2717041800643143	30.0	6.214455914456618	AA	12.9587494	38.5501458	120.1	20.55	38.5933897	113014.SH	601222.SH	20171117
0.5607476635513966	-3.2710280373831777	8.25	12.843025397978526	AA	10.95668703030303	40.48105093939394	105.22	4.25	106.96936727272728	123078.SZ	300398.SZ	20201222
0.23744613490459085	-3.262685779614804	2.85	12.680120347394542	A+	13.64366350877193	58.09511289473682	119.98	14.0	175.97779157894738	123103.SZ	300767.SZ	20210407
0.3181153813085758	-3.224142378127418	4.28	9.664446195952658	AA	12.92718621495327	62.103233002336445	120.0	17.45	196.96298551401867	113575.SH	603377.SH	20200511
0.08319467554076065	-3.152246256239602	2.54	19.979974123780366	A+	18.784610236220473	70.98501033464566	129.0	17.15	194.62670314960627	123047.SZ	300631.SZ	20200423
0.7194244604316498	-3.0818588372545226	15.0	14.254123100583227	AA-	6.2657828	22.97611483333334	123.0	10.84	50.00798086666667	113016.SH	601127.SH	20171127
0.189573459715647	-3.0489731437598735	8.0018	10.879037253147338	AA	23.48313204528981	33.453818703291766	131.38	23.84	14.600839811042515	113621.SH	603650.SH	20210226
1.1819948186528562	-3.0432318652849744	5.5	12.538938343510718	AA	18.21640218181818	36.4801980909091	128.0	25.81	111.03977418181817	128106.SZ	002840.SZ	20200514
0.8786488333495962	-3.0362198574636468	9.3715	17.92982036059021	AA	5.566288427679666	41.75598596809476	108.65	3.53	116.90934482206691	123077.SZ	300170.SZ	20201221
0.10118664336307556	-2.9436114432894755	5.4331	13.614486153846128	AA-	5.471217721006425	25.943690986729493	113.5	11.19	77.86219175056598	113601.SH	603716.SH	20200921
0.1478518003130994	-2.930944512089063	2.1	13.331268361292882	A+	10.244712857142856	39.73011107142858	125.0	17.96	97.67163904761904	113567.SH	603617.SH	20200410
0.6497497585389366	-2.9063131091404006	8.5	4.7795801796023385	AA	20.218285176470584	46.89167444117647	130.0	17.8	62.52475870588235	127019.SZ	000688.SZ	20200814
0.49159424180397704	-2.8530921781148253	9.4183	18.286551701740716	AA	5.67021511313082	30.04688595606426	117.0	23.28	99.70314812651964	128059.SZ	002841.SZ	20190409
0.5215508758118491	-2.8439283605589454	6.3	15.72307100495529	AA	6.514579365079367	31.891824166666673	103.17	4.4	93.79925603174603	113530.SH	603081.SH	20190424
5.239786856127892	-2.7531083481349863	3.68	14.696111106403919	AA-	13.984883695652172	91.74404755434784	124.1	15.41	270.3056744565218	123069.SZ	300505.SZ	20201111
0.4673770798280052	-2.692091979809319	3.6	36.243307201182674	A+	36.77996222222223	60.97768444444445	130.0	27.0	8.66076861111111	123073.SZ	300636.SZ	20201120
0.31362858772096397	-2.6610910473294025	2.15	8.879204663996255	AA	4.939738604651163	16.236162558139537	108.0	1.8	45.3600311627907	113503.SH	603738.SH	20180108
0.7751937984496124	-2.6356589147286864	14.05	21.905311696927356	AA	8.047932740213524	33.71270736654804	140.0	40.64	11.590809039145906	113605.SH	603233.SH	20201119
0.0	-2.6315789473684212	10.0	27.231361287235778	AA	9.7146407	47.64934119999999	107.0	9.0	125.1345796	123094.SZ	300568.SZ	20210407
0.17716353621776718	-2.6020369608477014	8.1366	17.23828981657394	AA-	11.611972814197577	27.050236093700065	110.22	13.0	38.7177869134528	127004.SZ	000700.SZ	20170818
0.227696129165803	-2.597805837300771	30.0	12.616713862006845	AA+	3.638259299999999	10.952479925	99.88	-2.57	27.5962009	110043.SH	600908.SH	20180320
0.6606606606606572	-2.5125125125125174	10.9	8.791796307042944	AA	3.3544261467889904	9.011295940366972	99.0	-1.95	22.548525596330276	128140.SZ	002929.SZ	20210105
3.622577927548439	-2.476832350463351	8.9	26.719999999999988	AA	12.422992808988761	56.34312306179774	125.52	20.4	122.36293415730337	123070.SZ	300438.SZ	20201112
0.0	-2.4762304476262718	6.0	5.356860617056758	AA-	2.3421548333333333	16.458931291666666	130.0	22.498	36.24121183333334	128007.SZ	002491.SZ	20140912
1.1158798283261777	-2.4463519313304674	9.78	6.1007659006614645	AA	6.808611247443763	17.340385020449897	118.0	20.45	52.35006676891616	113512.SH	603228.SH	20180730
0.2823572274341817	-2.413698879679393	2.9914	-8.957135396956573	A+	30.120920639165607	77.47256109179648	108.0	8.8	160.72512001069734	113539.SH	603079.SH	20190801
7.465277777777772	-2.3862847222222303	2.9	-12.223195256144525	AA-	126.13105103448277	98.19342646551728	112.99	10.65	94.0831179310345	123026.SZ	300692.SZ	20190705
0.438963210702328	-2.3620401337792694	6.1	1.2571641892184404	AA	2.948303278688525	12.498259631147542	98.01	-2.05	36.10643868852459	113521.SH	603626.SH	20181213
3.4797231744389077	-2.3349071858224004	50.0	13.135796722371706	AAA	29.71200904	29.22299902	135.3	34.6	12.7108044	113038.SH	601012.SH	20200914
0.5284552845528502	-2.2439024390243945	14.7619	9.786031408780826	AA+	7.274311707842486	42.88269448715951	123.99	20.6	109.87992243545885	127024.SZ	000967.SZ	20201208
0.44642857142857145	-2.232142857142857	12.8	7.427502590767343	AA	8.68193765625	42.99707716796875	110.0	9.86	123.37301554687497	128130.SZ	002067.SZ	20200924
0.33932135728543256	-2.1956087824351327	5.0	19.590065124725452	A+	6.7528282	13.12813995	96.0	-1.8	30.2816038	123082.SZ	300016.SZ	20210104
0.90708105501624	-2.195372703865782	13.0	17.376562957865048	AA+	2.3587063846153846	18.476193730769232	106.61	11.01	49.93960338461538	128047.SZ	002179.SZ	20181213
0.41841004184100417	-2.1924686192468656	28.2	21.65874739568201	AAA	3.327416737588652	27.997148785460993	120.0	20.62	88.5849590425532	127025.SZ	000401.SZ	20201208
0.4383561643835653	-2.1917808219178134	3.4	37.91222625909854	A+	13.73869352941177	62.69233970588236	110.0	9.32	168.80943470588235	123126.SZ	300243.SZ	20211022
0.5729564553093911	-2.1772345301757077	4.2	-2.3126868921004573	AA	12.707122380952379	44.11958660714285	110.03	5.54	88.49454166666663	113522.SH	603305.SH	20181217
0.35103510351035155	-2.169216921692166	9.1724	23.75505329703833	AA-	4.242482556364747	44.50185480354105	113.6	13.219	152.36631056212116	123049.SZ	300190.SZ	20200518
0.492866407263307	-2.146562905317771	35.0	23.32783975767445	AAA	12.585985885714283	23.237724821428564	150.0	42.07	7.122529714285714	113049.SH	601633.SH	20210714
0.32987747408106366	-2.139491046182843	4.9	-2.9348659003831545	A+	13.361461836734692	38.62952025510204	103.1	3.2	89.46335102040815	123028.SZ	300437.SZ	20190719
1.4614952220348456	-2.128001284830969	10.0	9.447758099352077	AA	5.645499799999999	18.349992625000006	125.6	28.02	19.1840004	113529.SH	603517.SH	20190409
0.008748141020025286	-2.117050126848046	38.0	17.749986033620612	AA+	4.103611605263158	35.968501289473686	108.1	13.2	106.78589071052632	127020.SZ	000060.SZ	20200820
0.05559526646017583	-2.0967357636406962	14.95	7.109427356266318	AA	5.027092775919733	21.14985974916388	123.64	26.31	49.78890454849499	113543.SH	603833.SH	20190910
0.3047382499044597	-2.0815819640810105	6.3	2.3601565529113078	AA-	9.629138730158731	55.23133734126984	115.0	22.4	117.23358777777779	128063.SZ	002631.SZ	20190430
0.0010028078620184263	-2.024669073405541	6.5	5.764560090122006	AA-	7.121952153846154	29.275213923076915	101.0	0.01	54.06797092307693	128036.SZ	002548.SZ	20180410
2.184162417011446	-2.0205907822572966	21.53	4.8029226847918105	AA	8.208135996284254	16.764982954017647	100.0	-0.48	24.905758197863445	113508.SH	603225.SH	20180522
0.10259040779687488	-2.0176113533384625	5.5	38.75741883930568	AA	8.575680545454547	53.20986240909091	125.0	20.02	159.9764332727273	127021.SZ	000070.SZ	20200910
1.0394842868654361	-2.0145044319097503	9.7027	24.030173120685205	AA	13.484223051315613	44.0176760077092	114.0	18.0	108.39233759675142	123104.SZ	300253.SZ	20210407
0.5905886835587639	-2.0099066488855013	50.0	13.272459408270398	AAA	4.153137920000001	20.362377505	108.0	6.9	61.77230176	127005.SZ	000783.SZ	20180417
1.5600739371534218	-2.0073937153419568	5.47	4.443812038014783	AA-	3.146309506398538	28.090700228519207	102.0	11.0	86.99199579524681	128068.SZ	002402.SZ	20190705
2.373386295928501	-1.9563058589870892	5.0	1.9281873777357683	AA	2.1441194	10.278615100000003	110.1	1.59	25.1235652	113535.SH	603278.SH	20190610
3.173164097914778	-1.9401631912964648	4.8	3.465685808310659	AA-	2.6256370833333333	19.074870833333335	118.0	18.004	58.07007958333334	123007.SZ	300409.SZ	20180201
0.38571852437938936	-1.9285926218969467	10.0	12.339124777875687	AA	3.5476764	23.43153825	103.51	4.75	74.4358729	128032.SZ	002472.SZ	20180131
0.0	-1.861702127659582	45.5742	2.061669657417897	AA+	26.15142894444664	43.46632950770393	130.0	57.3	24.907946689135525	127040.SZ	002091.SZ	20210816
1.2480000000000018	-1.824000000000001	5.165	33.08220398938584	A+	18.771781800580833	57.201420280735725	130.0	30.0	38.806623426911905	123123.SZ	300666.SZ	20210907
2.46510246510246	-1.791901791901794	3.2	13.417497655326759	AA-	14.731338125	55.47552703125	102.0	1.23	139.79969375	123106.SZ	300641.SZ	20210426
0.9029535864978845	-1.7721518987341724	40.0	5.515353295306924	AAA	8.2785427	40.33243653124999	116.61	11.95	108.199756975	127023.SZ	000932.SZ	20201125
0.2373652457719265	-1.7505686875679913	7.0	-1.613926368049745	AA	5.043250571428572	17.62009257142857	100.52	-0.89	43.539334714285715	113519.SH	603569.SH	20181206
6.863582038586313	-1.7329690968072402	2.71	5.001624170733332	AA-	20.86548671586716	45.424364022140225	118.0	15.59	126.21044317343176	123054.SZ	300608.SZ	20200710
0.6381934216985773	-1.6527573228604124	7.5	-10.028520260867445	AA	33.33041746666667	50.3300108	122.22	18.2	100.724146	128053.SZ	002551.SZ	20190313
1.17096018735363	-1.639344262295082	9.28	26.93042369501657	AA	6.395701939655173	18.56771858836207	100.0	2.214	44.81779698275863	128028.SZ	002460.SZ	20180125
0.041771094402665035	-1.629072681704263	8.0	8.286768311506565	AA	3.626178625	11.4046384375	96.0	-4.2	30.831392625	110044.SH	600831.SH	20180730
1.155555555555553	-1.5999999999999974	3.245	13.33736908415819	AA-	134.7744215716487	276.59767372881356	130.0	35.0	35.41433312788906	123074.SZ	300752.SZ	20201120
1.2987012987013102	-1.598401598401593	4.23	8.6674115174743	A+	6.985398817966902	26.255216607565004	100.0	-0.74	73.22271158392434	123092.SZ	300332.SZ	20210121
0.31317283225679504	-1.5952241143080932	10.0	12.795996237825392	AA	4.9601755	25.413392475	105.44	4.28	78.09714720000002	113620.SH	603363.SH	20210409
0.7723577235772381	-1.5934959349593445	5.1217	-4.036921288067319	AA-	115.97844778101023	68.30562210789388	121.33	15.6	75.0074174590468	113559.SH	603901.SH	20200116
1.1198752636888962	-1.5683756764193415	6.5	7.812648311353021	AA-	3.7012993846153845	31.42999223076923	114.9	9.4	103.1288716923077	128087.SZ	002083.SZ	20200122
0.33419023136246834	-1.4652956298200581	27.574	16.647521960166767	AAA	2.0113392326104296	20.95103215891782	115.0	17.03	66.11124044389642	110065.SH	600985.SH	20200117
0.0	-1.4553909748535978	7.2	6.2773387465171915	AA	7.792168333333334	30.622580138888893	115.2	16.06	95.36312652777777	110071.SH	600929.SH	20200806
0.46296296296296297	-1.4259259259259318	3.8	3.504872944693549	AA-	4.437060263157895	31.46329348684211	116.0	7.7	95.15172473684214	128145.SZ	002953.SZ	20210422
1.9500611642800663	-1.4175721378714823	15.0	11.145213519530483	AA+	13.2552338	43.00144406666667	138.0	40.89	12.8661834	113040.SH	601799.SH	20201120
1.830282861896841	-1.414309484193014	30.0	33.54740268066987	AA+	19.22148646666667	29.451326875	127.21	24.0	58.54950663333334	128136.SZ	002475.SZ	20201208
0.5712402504668747	-1.406129847303088	9.5	4.0677307506368665	AA-	3.8862723157894736	8.378965184210529	92.51	-8.08	21.385457578947374	123012.SZ	300057.SZ	20180904
1.0869565217391304	-1.398550724637686	11.28	37.62962765491318	AA	9.449987056737589	35.75350853280142	130.0	31.0	10.365382269503547	127046.SZ	002568.SZ	20211109
0.0	-1.39705882352941	6.6	10.123295128232336	AA-	1.823908484848485	6.467856893939397	96.1	-3.77	17.08585893939394	128044.SZ	002717.SZ	20180910
2.125514576157272	-1.3786440393178234	12.0	7.453299779970757	AA+	7.608059666666667	19.799418874999997	120.0	21.7	60.16710625	127011.SZ	000887.SZ	20190411
1.8254614549402806	-1.3504343105320364	9.0	20.066366514245516	AA	7.726925888888888	24.423268	145.7	41.33	12.30775677777778	113592.SH	603345.SH	20200806
9.463423866800178E-4	-1.296489069745438	20.0	16.338319744783504	AAA	1.27409645	13.95271715	104.1	3.07	42.1533816	125089.SZ	000089.SZ	20110816
0.8375634517766454	-1.285956006768186	8.0	28.502880733944956	AA	15.82375975	59.6776013125	132.66	17.22	19.596307875	113603.SH	603606.SH	20201104
0.09090909090909044	-1.2396694214876034	3.914	7.462069012280503	AA-	54.054472151251915	106.74309012519163	120.0	15.45	204.6606893203883	123059.SZ	300231.SZ	20200818
0.09136592051164395	-1.2334399269072713	11.5	19.694561122892097	AA	7.164085913043479	32.419015782608696	110.01	11.511	94.66966869565218	128074.SZ	002174.SZ	20191025
0.5320638476617263	-1.2321478577429228	4.2	18.849927659675014	A+	7.340570714285714	35.30970279761905	114.0	9.89	113.65421452380953	113608.SH	603956.SH	20201203
1.3248895925339466	-1.2165652862261545	17.0	16.324317317084503	AA	7.274852529411764	40.79685363235295	120.1	23.55	123.80669705882353	113029.SH	601615.SH	20200113
0.8388363376762428	-1.1511690165982564	23.0	31.770412925416004	AA+	6.567188130434783	21.896467923913043	114.0	13.3	65.56973847826087	113032.SH	601233.SH	20200326
0.3329518260326786	-1.1445219019873003	4.3	5.682388805863203	AA-	1.9184818604651162	7.54141877906977	98.88	-2.64	17.14273558139535	123010.SZ	300422.SZ	20180820
0.013497098123908792	-1.1181826676495306	21.98	2.935126075639616	AA	3.92191856232939	12.095582097361238	99.0	-2.2	32.90755318471337	128038.SZ	002131.SZ	20180425
0.2669039145907448	-1.112099644128114	16.6	14.65921052631578	AA+	6.208593253012049	31.077135993975908	113.9	13.01	89.19040909638554	110064.SH	600939.SH	20200122
0.14673514306676136	-1.0913426265590718	24.0	13.980733121401933	AA	10.922846166666668	40.61780721875	108.33	10.52	120.21762366666665	113034.SH	601678.SH	20200511
0.0	-1.0575427682737129	25.0	3.060104485157722	AAA	1.27209904	6.25923709	98.0	-5.079	11.44611252	127002.SZ	000425.SZ	20131121
0.3753827916625461	-1.0273634298133025	15.0	7.4182181355173515	AA+	13.570934266666667	30.4399238	106.0	1.42	81.65925406666668	113046.SH	601609.SH	20210416
0.3042496810285624	-1.0108941014819914	6.0	32.49936130124209	AA	5.8873896666666665	30.876341375	105.0	2.11	77.80428516666667	113589.SH	603608.SH	20200722
0.1075163718111616	-0.9969699931580451	18.7522	1.66600685774132	AAA	9.156601518755133	41.51217122524291	104.02	4.18	116.88826148398589	110041.SH	600863.SH	20180115
0.5103635038016819	-0.9873971461306191	8.0	29.10369176154557	AA	6.187339500000001	13.56624353125	95.001	-3.95	33.12957275	128065.SZ	002497.SZ	20190516
0.3378686877910605	-0.9862113049036602	200.0	18.241187881178213	AAA	2.838879055	19.532434776250003	109.0	9.14	53.964365165	110053.SH	600919.SH	20190410
0.9454905847373573	-0.9811694747274619	10.4	9.424531041321792	AA	12.980556153846154	25.719186490384615	99.9	-0.12	39.302597211538455	127013.SZ	000810.SZ	20190522
2.420168067226887	-0.9747899159663836	3.6	7.146969018010507	AA-	30.902794444444442	114.91432791666666	130.0	19.25	274.3755436111111	128117.SZ	002838.SZ	20200724
11.222972972972983	-0.9729729729729715	3.1	22.359059428774806	AA-	36.61033806451613	260.90324048387095	130.0	39.0	246.0790135483871	123060.SZ	300416.SZ	20200821
0.558604468835744	-0.9506076048608516	11.6	10.791194428256091	AA	15.701621120689657	32.05545778017241	100.0	-0.19	62.19458499999999	127033.SZ	002822.SZ	20210528
1.5605647758236318	-0.9495499958715264	11.5	23.808393331931388	AA+	3.1762666086956517	21.295653043478264	118.0	25.01	60.18591391304349	113622.SH	603298.SH	20210420
0.12122436609759021	-0.9485806647136004	20.0	13.583274417100855	AA+	7.578371	9.228162725	98.99	-2.24	15.70864885	128034.SZ	002807.SZ	20180227
1.0377358490565984	-0.9433962264150944	7.0	22.482919392349455	AA-	16.286717142857142	62.98389878571428	113.2	7.7	152.21358657142858	123071.SZ	300569.SZ	20201201
2.6055858310626725	-0.936648501362393	6.0	18.318199528349698	AA-	17.9367405	72.67701366666668	126.0	40.0	41.6654015	123075.SZ	300580.SZ	20201127
0.4446724816144998	-0.9321019326150192	34.5	20.21136363636362	AA+	2.6927573333333332	13.732476847826085	120.99	18.48	39.6481960289855	113045.SH	601231.SH	20210409
1.7280701754385954	-0.9210526315789449	12.4	19.745297873748434	AA-	16.77119427419355	40.187727963709676	109.65	8.25	94.56247943548388	118000.SH	688388.SH	20210319
0.8293321693583613	-0.8904408555216028	28.0	30.729279847034242	AAA	7.655099678571428	39.30347129464286	118.0	16.53	131.89309635714284	110067.SH	600909.SH	20200415
1.1960521913683444	-0.8865841418534646	17.0	11.478977010008752	AA+	1.996770176470588	17.770506955882357	120.8	21.6	56.81922117647059	113007.SH	601929.SH	20141008
0.7766990291262108	-0.8737864077669958	25.0	3.4444676275647623	AA+	4.586043880000001	17.66833247	104.05	2.4	49.47827008	128048.SZ	002839.SZ	20181205
0.7658807628772952	-0.8634930169695192	20.0	38.4675149433872	AA	18.7369697	55.4216051	130.0	35.0	32.048231	123119.SZ	300601.SZ	20210811
0.8333333333333334	-0.8333333333333334	3.0	18.834455663405556	AA-	9.688221	46.45024616666667	123.0	21.88	120.74408166666664	128118.SZ	002861.SZ	20200811
0.8423954663807584	-0.8270791851738493	3.76	16.422552477981945	AA	74.34371781914894	81.10539886968084	130.0	28.0	11.118096276595745	123130.SZ	300732.SZ	20211208
0.03834723420572528	-0.8244655354232571	39.5	25.132068944907026	AAA	1.8061646329113925	6.802996924050633	103.02	4.01	18.518944734177214	110017.SH	600026.SH	20110818
0.17612318076355368	-0.8120649651972116	2.8132	4.008582724501264	AA	1.1999765391724726	3.329776322337551	95.5	-3.68	8.750670766387032	128043.SZ	002793.SZ	20180831
1.5607476635514035	-0.7850467289719658	7.46	5.622758620689661	AA	3.950788471849866	26.579310723860587	106.3	6.13	79.73841769436997	113527.SH	603518.SH	20190225
1.158301158301161	-0.7722007722007695	4.05	21.07070747616657	A+	15.601080493827162	71.45045475308642	113.55	7.06	201.75188888888889	113624.SH	603976.SH	20210607
0.22849195310948142	-0.7550168885356556	23.0	2.8966720455332107	AA+	15.798592130434782	15.356134815217388	100.0	-0.7	33.43433539130435	110047.SH	600567.SH	20181214
2.086690983119852	-0.7464585630672622	46.5	6.627494777255305	AA+	8.345139655913979	25.70821356989247	125.0	21.65	72.43463008602151	123006.SZ	300059.SZ	20180202
1.0463524349696784	-0.7432035986700617	6.7	0.4103209434864752	AA-	20.10035865671642	59.43731414179104	113.11	3.99	154.21950238805968	123102.SZ	300490.SZ	20210408
0.7839477368175354	-0.7372841810546021	23.8646	26.47357874833929	AA	6.9210435959538374	35.28390718889066	108.01	6.88	97.87117412401632	110066.SH	600711.SH	20200407
1.6952350405177183	-0.6631887776761063	10.0	5.914096385542167	AA	4.5589771	15.030012600000004	108.1	9.013	44.1194162	128030.SZ	002100.SZ	20180202
1.2107101280558807	-0.659681800543263	7.6	28.003149606299218	AA	9.062640657894738	27.101073355263168	125.09	29.18	54.437924736842106	113010.SH	601199.SH	20160411
1.5187849720223867	-0.6394884092725797	35.0	30.16738106290049	AAA	12.9570354	26.90542670714286	120.25	19.2	68.12224725714286	110035.SH	600004.SH	20160321
0.2963694739441833	-0.6339013748250564	7.5	6.196675658294315	AA	19.1992416	56.4490177	130.0	24.9	25.555936266666667	127042.SZ	002969.SZ	20210914
0.8459696727853171	-0.6145251396648013	10.0	34.05973834577296	AA	3.1743511	20.914401575	126.1	25.5	58.1421917	123117.SZ	300529.SZ	20210716
0.18083182640145803	-0.609117731036439	80.5	20.404596956943966	AAA	2.363736360248448	12.056002636645966	106.01	7.55	34.07473144099379	113003.SH	601989.SH	20120625
0.2618213660245117	-0.6059544658493934	6.0264	4.501501361198312	AA	5.980536140979689	23.73631857327758	119.989	16.7	65.65743047258727	128067.SZ	002727.SZ	20190523
0.017904461791887698	-0.6024851392967017	7.9	6.339350180505421	AA-	1.9414822784810126	16.040449715189872	116.2	14.3	43.18787215189874	128077.SZ	002928.SZ	20191113
0.6771397616468039	-0.5958829902491971	45.0	19.135589424371414	AA+	5.602506088888888	41.16128371111112	110.0	11.43	126.03784304444444	113037.SH	601860.SH	20200821
1.1916583912611747	-0.5958291956305943	3.4	21.810735752476273	AA-	2.9156438235294115	8.048066250000002	100.513	1.0	16.612536176470588	128014.SZ	002753.SZ	20170518
2.304147465437788	-0.5898617511520743	6.3176	9.147836471687842	AA	3.3921888058756493	13.91468350322908	106.18	5.3	47.849754020514126	128006.SZ	002391.SZ	20140715
1.3346515076618826	-0.5832921403855693	11.0	15.600129560295862	AA	2.751193	15.803898090909096	107.0	7.63	46.77042645454545	123004.SZ	300197.SZ	20180201
0.040164675168181584	-0.5623054523546563	2.2993	16.599821408588245	A+	4.351805766972556	16.25061877527943	102.0	-0.34	41.95877484451789	113546.SH	603320.SH	20191127
0.9145868857541298	-0.5580530150364276	9.9232	24.15551134579903	AA+	5.264520819896807	27.441798688930994	125.0	26.1	23.317019308287648	110069.SH	600323.SH	20200513
0.3715005970545271	-0.5382967834871755	5.9575	15.780367890112878	AA	5.727485354595048	27.303739865715485	104.519	7.5	85.95865144775493	128071.SZ	002228.SZ	20190920
0.27333073018351434	-0.5342806258988076	14.0	23.6966854626155	AA+	6.099641071428572	32.78171823214286	108.1	8.0	95.78732921428572	127016.SZ	000726.SZ	20200519
1.0037641154328667	-0.5123379339188571	2.24	10.867027300303334	AA	3.2641593749999993	13.747733370535713	98.0	-3.4	39.21484866071428	128040.SZ	002758.SZ	20180719
0.6662804171494764	-0.5021243723445307	13.0	18.87904942535954	AA	1.7070601538461538	16.049695423076926	104.5	3.87	52.29871584615385	113039.SH	601619.SH	20200923
1.0121416594274584	-0.47980767288228904	5.2	18.016446600712534	AA	1.3824646153846156	8.741467451923077	103.3	4.0	25.258650769230766	128033.SZ	002658.SZ	20180202
1.5564853556485352	-0.4769874476987391	38.0	24.385207888408523	AAA	18.748999894736844	38.7730456118421	111.48	11.45	98.93492555263158	113043.SH	601108.SH	20210104
4.990583804143124	-0.4708097928436911	9.0	2.029170909090894	AA	8.951073555555556	29.473498833333334	115.0	8.0	82.03071199999998	123005.SZ	300168.SZ	20180205
0.36805299963193916	-0.4692675745307371	6.3	20.85256837891929	AA	2.228847142857143	20.821555039682544	103.88	8.45	67.83549936507937	113542.SH	603898.SH	20190829
0.633412509897071	-0.45526524148852726	38.0	18.4792776683228	AA+	2.734939947368421	13.74706082236842	99.92	1.0	37.33943302631579	113020.SH	601233.SH	20181218
0.8634943964725315	-0.4528752526180369	3.0	6.653169241523127	AA-	5.288792666666667	34.2450725	111.0	11.4	111.64587166666666	128073.SZ	002615.SZ	20190918
1.4568345323740919	-0.44064748201439663	9.0	20.953180975911057	AA-	9.241053333333333	71.24777425	110.0	11.4	217.72741688888888	123125.SZ	300174.SZ	20211013
0.8808724832214742	-0.4362416107382517	200.0	9.82365246428727	AAA	4.077895585	18.434314762499998	118.2	20.28	53.524669195	113050.SH	601009.SH	20210707
1.2561534544220032	-0.4158886436937658	18.0	13.634709104528797	AA	3.106283277777778	12.381415416666664	112.01	18.01	34.12288755555555	110028.SH	600067.SH	20140807
3.1516529932580584	-0.41426366663959474	41.0558	29.90124558455818	AAA	10.920708133808136	26.59051777093614	118.0	17.96	67.50467644035679	113009.SH	601238.SH	20160217
0.8499665743482003	-0.40110782160250935	7.12	11.101477000123783	AA-	6.208121629213483	42.1493496488764	110.11	5.52	121.73229550561798	127034.SZ	002887.SZ	20210603
0.0	-0.39004149377593267	10.2489	31.02915811195004	AA-	7.065994301827513	37.1330887705022	116.01	16.99	91.83382362985294	123113.SZ	300791.SZ	20210520
0.0	-0.3783102143757897	250.0	15.798574493323091	AAA	2.210667904	7.518806786999999	110.0	11.6	21.299201744	113002.SH	601398.SH	20100916
1.5142964635064087	-0.3762227238525127	6.2639	9.789650349650337	AA	6.808929899902619	39.12404771787545	107.0	5.8	124.89246858985616	127035.SZ	002225.SZ	20210624
0.4741476631293765	-0.37367351546624866	6.2	12.165873070325905	AA-	3.1010751612903227	9.391953548387098	91.47	-10.5	21.589065000000005	128039.SZ	002224.SZ	20180705
5.624454148471614	-0.35807860262008434	35.0	24.434353873955807	AAA	14.299958228571429	30.472674785714286	106.0	6.77	74.13467074285714	113022.SH	601878.SH	20190403
0.4579439252336401	-0.3551401869158836	9.45	13.722462515220935	AA	2.7150616931216933	33.457460555555556	103.11	4.87	109.33389439153439	113547.SH	603612.SH	20191128
0.8534136546184825	-0.35140562248995416	8.4	2.5034098360656065	AA	7.6662896428571425	12.553928035714286	97.98	-0.66	29.106960952380952	113515.SH	603588.SH	20180831
1.3709870422920436	-0.3247974289719268	2.8	16.348927566388703	A+	14.160022857142858	30.584495625	120.001	16.75	72.99639357142857	128094.SZ	002860.SZ	20200225
0.9092441474224878	-0.3063865229591559	3.0	6.101308241538805	AA-	1.529767	11.173979749999997	99.89	0.51	35.092636666666664	128069.SZ	002907.SZ	20190717
0.18528321863419248	-0.2999823539791807	6.0	8.273883618849398	AA-	2.0939891666666663	19.44000266666667	120.1	14.47	52.519002	113557.SH	603098.SH	20200116
0.22749752720079525	-0.2967359050445076	3.56	11.949203084832916	AA-	20.212808426966294	32.40414304775281	97.5	-1.13	71.1109132022472	113511.SH	603027.SH	20180716
0.9034872920712599	-0.2955332263784586	7.2	39.9304740066327	AA	4.826321527777778	18.19933204861111	120.58	18.02	47.834954305555556	110009.SH	600481.SH	20100520
0.6464354527938405	-0.2890173410404597	8.52	14.361766081871341	AA	2.760079107981221	14.461080017605633	100.026	3.01	42.5627970657277	128046.SZ	002258.SZ	20181115
1.8044959820974478	-0.28481334553962073	48.0	35.73265613243044	AA+	6.076705416666666	11.929502234375	95.01	-4.291	30.870921833333334	123003.SZ	300433.SZ	20180123
2.107279693486579	-0.27777777777778373	260.0	4.459758939634351	AAA	3.0780861653846157	9.561830098076923	104.1	6.92	24.90005377692308	113005.SH	601318.SH	20131213
4.673112908145177	-0.2728524206378672	8.0	9.270307861543214	AA	7.63956925	20.57030821875	130.0	28.1	52.6877675	128105.SZ	002616.SZ	20200519
0.3601108033241003	-0.2585410895660214	230.0	22.415322928000634	AAA	3.2042586521739125	9.524559635869565	108.0	8.2	24.938124917391306	110015.SH	600028.SH	20110311
2.04134366925065	-0.25839793281653506	5.7	15.387297297297309	AA-	46.29854666666667	80.99157701754385	127.0	16.0	220.05123245614033	123068.SZ	300657.SZ	20201110
0.33898305084746244	-0.2542372881355908	34.0	17.435584299341112	AAA	7.0717253529411765	12.254581720588236	118.11	17.81	35.04873352941176	110013.SH	600886.SH	20110221
0.3024193548387068	-0.25201612903225806	55.0	7.868004475823898	AAA	3.6878523454545458	9.150369163636363	102.0	-0.5	23.198737854545456	110018.SH	600795.SH	20110908
5.24744697564807	-0.23566378633149818	7.0	10.17071799062137	AA	7.549119285714285	54.48157532142856	129.0	23.12	172.7478217142857	128110.SZ	002756.SZ	20200714
0.6132508023842235	-0.22734219776860723	24.13	7.810710808179144	AA+	4.805906092001658	22.193068545379194	105.0	5.385	70.37881856610028	127006.SZ	000623.SZ	20180517
0.7728638900815727	-0.21468441391155002	10.0	22.980849296265138	AA	22.1811215	27.415567225	114.01	19.2	68.2419228	113544.SH	603866.SH	20191021
1.9733944145890183	-0.2026253193551264	3.0192	3.3085069424659164	AA-	16.1083999072602	44.093096101616325	110.1	12.0	96.93167925278219	128072.SZ	002842.SZ	20190920
0.19913308441697725	-0.1819664392086083	4.7	13.44797200764396	AA	2.1172470212765955	28.188476861702128	119.0	16.9	78.24435723404255	123029.SZ	300677.SZ	20190917
0.49479166666666075	-0.1727430555555539	21.0	0.8126597300714744	AAA	6.339442333333333	12.906342190476192	116.12	11.605	35.11268166666667	128045.SZ	002013.SZ	20180920
0.6825938566552877	-0.17064846416382495	8.5	23.141266777505255	AA-	6.500521176470588	30.701021235294117	115.0	16.48	86.46690247058822	123099.SZ	300630.SZ	20210312
1.178203240058906	-0.1620029455080993	6.45	12.433844492440581	AA	15.544627131782944	40.19483829457364	128.0	28.0	58.20081813953488	113584.SH	603708.SH	20200702
1.8512530315278837	-0.16168148746968702	3.2	16.393519025245993	AA-	13.5196378125	57.1570284375	130.0	24.7	174.1598153125	128123.SZ	002749.SZ	20200825
4.374999999999996	-0.16015624999999867	10.0	-1.40863402781789	AA	1.9286237	30.852895275	124.0	26.305	88.661231	128002.SZ	002065.SZ	20131121
4.353835521769186	-0.1313061506565292	52.52	25.555822294205875	AA	17.18393853769992	36.30007620430312	150.0	42.99	21.938712185833964	118002.SH	688599.SH	20210907
0.575994054254928	-0.12077294685989916	7.17	13.669190784175633	AA	2.519350627615063	16.340122663877267	111.5	11.13	53.79776331938633	113012.SH	601311.SH	20170419
2.507522567703109	-0.12036108324975381	6.4701	9.159231623916675	AA-	9.615916291865659	31.672671790235082	103.0	-3.08	63.94926198976832	128139.SZ	002965.SZ	20201230
2.91529573800597	-0.11477542275614484	158.0	15.654228356220345	AA+	12.162285670886076	28.36518991772152	130.0	30.0	15.10983911392405	123111.SZ	300059.SZ	20210429
0.2615062761506276	-0.09414225941421465	2.0	-0.2085534538413425	A+	4.4117965	16.613990500000003	101.89	-1.04	45.431025	113514.SH	603023.SH	20180817
0.41430440470999325	-0.0802838678983357	1.8029	24.20538078291812	A+	7.5548355427367015	27.71599076487881	103.128	1.3	54.458407010926855	123032.SZ	300591.SZ	20191106
0.1449975833736022	-0.04833252779120073	15.0	17.428781925343806	AA	1.3795160666666666	21.24735726666667	101.2	4.85	69.9928596	113545.SH	603113.SH	20191113
0.6721646549181926	-0.039658731530726854	4.8	16.46146375248967	AA-	1.591983125	4.610019791666667	98.89	-1.694	12.182178125	128066.SZ	002811.SZ	20190520
3.1096890310968894	-0.01999800019999023	8.5	32.18403558718861	AA	5.7871787058823525	33.02455323529411	101.0	0.65	91.39002541176468	128132.SZ	002941.SZ	20201022
23.42857142857142	-8.163265306161427E-4	4.2	-3.643056544968837	AA-	16.487122857142857	53.626775714285706	120.0	15.0	140.424575	123020.SZ	300497.SZ	20190404
0.45370370370369895	0.0	18.0	26.641628318052323	AA	4.791720444444445	36.337671972222225	109.0	8.3	111.27063244444444	113033.SH	601366.SH	20200427
0.7440111192870547	0.0	18.6	13.143016562986553	AA+	5.874671612903225	34.500380080645165	123.39	22.34	106.6488972043011	110063.SH	600567.SH	20200109
2.9606986899563323	0.0	1.77	5.99476635514018	A+	19.026638983050848	71.18999689265536	115.0	10.15	180.69701694915253	123052.SZ	300665.SZ	20200709
2.2844827586206944	0.043103448275859615	6.0	17.162702856522174	AA-	23.788493333333335	83.3943775	117.1	14.21	146.4804315	128137.SZ	002859.SZ	20201207
1.795869500149653	0.06983936945025758	11.8	18.58715951520469	AA	3.2192987288135595	21.066443432203393	100.1	0.5	63.80929457627118	128020.SZ	002273.SZ	20171218
16.922954907956534	0.10662765798076747	5.7582	3.2555212004363954	AA-	9.068682921746378	39.88096488485985	115.0	15.9	122.75767670452572	128057.SZ	002649.SZ	20190409
0.19990004997501534	0.1099450274862563	60.0	5.842140672782858	AA	4.4785157	9.9186099875	100.1	-0.89	23.9990823	110020.SH	600219.SH	20121106
2.0840336134453814	0.1176470588235299	13.4	29.634176994801752	AA	8.078099701492537	60.30464195895522	120.0	18.0	170.00140059701494	128135.SZ	002557.SZ	20201124
0.33471469556901634	0.11954096270321284	8.022	30.457911368128364	AA	16.017614310645722	44.749113593866866	123.5	25.74	125.09359636000998	113563.SH	603368.SH	20200228
1.4394744469133367	0.135252632595885	78.0	17.060222074671817	AAA	1.5925381538461538	9.24507878525641	103.0	2.71	19.90195080769231	113026.SH	601985.SH	20190514
1.7049808429118785	0.19731800766282456	4.87	15.33399065651231	AA	1.3309860369609856	12.29407931211499	100.05	3.022	40.56583244353182	128004.SZ	002318.SZ	20140320
3.0410709858689304	0.20659449632261795	6.0	22.03506575622289	AA-	8.827915500000001	60.11559629166665	117.5	22.9	185.6458995	123129.SZ	300798.SZ	20211130
2.7583858334752334	0.21539247403371373	4.8	0.13965011229968294	AA	6.164318333333334	34.416299739583344	122.0	19.35	99.74363270833337	123009.SZ	300568.SZ	20180416
0.5798687089715548	0.21881838074397003	3.0138	32.30668015592917	A+	8.269399097484904	30.54779862631894	100.0	-3.4	40.06878193642578	123088.SZ	300707.SZ	20210112
1.7715944349915027	0.22019817836052333	4.4	29.52620948586313	AA	3.816158409090909	23.770685568181815	103.0	2.6	71.0677459090909	110070.SH	600231.SH	20200519
0.36780429390129743	0.24805405867762062	11.11	21.052455218606546	AA	2.9346191719171917	6.865874549954996	117.0	17.0	16.431642574257427	127003.SZ	000861.SZ	20160707
0.3499999999999943	0.25	30.0	15.062420263588194	AA+	2.9808822333333334	14.028796583333332	99.0	0.8	38.801145266666666	110045.SH	600398.SH	20180806
0.8171400099651295	0.2590931738913853	200.0	29.451271878646423	AAA	4.666299555	14.68576130625	101.2	0.15	40.202245415	113042.SH	601229.SH	20210223
0.769230769230774	0.27350427350426765	50.0	24.84096524672763	AAA	2.71730774	16.811831919999996	118.0	16.97	51.44843266	110083.SH	600901.SH	20211216
2.303664921465968	0.28191703584373284	11.0	12.157852774858945	AA	6.515661454545455	19.295038386363633	119.5	20.56	58.53458327272727	113551.SH	603806.SH	20191217
1.8208516886930977	0.2936857562408195	5.1	-1.3679826969685949	AA-	12.71539117647059	27.20119372549019	103.0	1.5	61.190724117647065	113520.SH	603313.SH	20181130
1.1527195330116051	0.30029713611362463	4.16	11.283584070796483	AA	1.9618805288461538	7.0028155649038455	93.0	-4.89	19.352826682692307	128042.SZ	002823.SZ	20180907
0.925147182506303	0.30838239416876767	5.0	4.896864635171561	AA	7.8104438	26.84327565	112.0	10.43	75.1078742	113513.SH	603345.SH	20180806
0.44934640522875585	0.32679738562090804	4.0	22.647767455210843	A+	11.991991250000002	66.8272856875	125.1	23.15	176.73251325	123127.SZ	300818.SZ	20211125
0.7593457943925245	0.33099688473520583	92.97	25.618953422761837	AAA	2.2339258470474346	19.70889293858234	102.5	2.86	58.803921910293646	123107.SZ	300498.SZ	20210427
3.472968134622266	0.3311851056211999	4.5	4.018004331945435	AA	3.410118222222222	16.884082888888884	107.5	9.2	49.732097777777774	110019.SH	600356.SH	20120418
1.0780594929127552	0.37931722898781733	8.0	4.509971068402563	AA-	5.7533759999999985	28.10289353125	102.12	1.66	72.234547625	113537.SH	603348.SH	20190711
1.1650485436893232	0.38834951456311234	20.0	12.428315723749161	AA+	3.0204380500000005	23.964540312499995	103.2	4.97	77.8992242	113019.SH	601966.SH	20180328
11.793323267908072	0.40261701056869986	6.4	4.672359801722581	AA-	8.36673859375	22.186289179687492	130.0	22.0	11.846783125	113604.SH	603528.SH	20201123
0.636894317721698	0.42684572816844396	18.4	14.055682000000003	AA+	7.967317771739131	28.949706127717395	121.8	20.121	74.63378032608696	128016.SZ	002271.SZ	20171026
0.9041769041769059	0.44226044226044503	2.4572	12.059797495063119	AA-	7.746045498941886	69.62418972814586	105.01	1.8	208.74941966465892	123112.SZ	300112.SZ	20210429
1.6097833162838227	0.44731702780618854	3.08	4.485758091993164	AA-	1.9711587662337662	22.85916525974026	112.3	9.509	75.00617857142856	123030.SZ	300040.SZ	20190919
4.920753464442779	0.45639366027715306	3.6	4.013428568912625	AA-	16.281143611111112	32.545218819444436	125.8	23.21	83.27121888888888	113585.SH	603896.SH	20200713
1.7298997444466337	0.48161981521526354	5.33	12.471994279989062	AA	1.2771936210131332	12.72386224202627	99.9	1.12	40.244377298311456	113525.SH	603055.SH	20190117
0.9652080656225497	0.48212094569134134	8.937	12.790606160105211	AA	9.324336354481371	26.012403519077992	105.0	3.08	79.50474107642387	128075.SZ	002406.SZ	20191106
3.203874705775848	0.48886474741988617	2.885	18.172149874004283	A+	27.725802079722705	38.198734228769496	109.0	5.663	72.16176949740036	123045.SZ	300652.SZ	20200417
0.8738394320043661	0.4915346805024608	4.0	2.1070588235294174	AA-	8.65597525	15.527897062500003	96.44	-6.79	36.63982425	128049.SZ	002787.SZ	20181226
1.5807203938844245	0.5009933488814013	21.7	-3.2673589132351077	AAA	5.206041658986175	20.499087177419355	120.2	17.09	52.77375843317972	113028.SH	601200.SH	20190712
0.6492867683226724	0.5017215937038769	36.5	8.63280513629281	AA+	1.318925506849315	11.62381940410959	101.01	1.95	36.321770027397264	110046.SH	600233.SH	20181224
1.935779816513761	0.5137614678899104	20.0	32.00539645203908	AA+	3.7388141	28.399707	109.6	7.32	80.1052919	110068.SH	600388.SH	20200421
4.252071522023545	0.5451373746184038	11.2	21.599999999999998	AA	42.12926973214285	54.88341301339286	130.0	48.72	108.38689875	123058.SZ	300207.SZ	20200813
1.8700934579439297	0.5607476635513966	10.45	15.438104511388984	AA	3.5771328229665076	22.778839114832536	112.0	10.9	74.03427703349283	128061.SZ	002439.SZ	20190430
4.862176604412464	0.5819797894291427	7.9893	4.169866745285011	AA-	217.8644045160402	194.90180178488728	130.0	57.3	37.578569586822375	123120.SZ	300263.SZ	20210827
7.629629629629638	0.5983539094650238	3.99	18.09232359619952	AA-	30.05949974937343	94.14468333333333	117.0	17.15	271.420735839599	123046.SZ	300587.SZ	20200423
1.4420555846879841	0.6117811571403625	7.38	20.085365853658544	AA	7.2430307588075875	37.43895806233062	115.1	16.37	114.25243292682924	128124.SZ	002022.SZ	20200826
3.73475609756098	0.6250000000000165	20.0	11.517725830187953	AA+	14.8829495	62.67412645	129.0	30.0	139.65143135	127022.SZ	000703.SZ	20201120
6.38888888888889	0.6327160493827109	16.0	7.192290139191471	AA	10.2697424375	36.38485853125	130.0	34.0	105.3042834375	128114.SZ	002157.SZ	20200721
0.9717537942664537	0.638701517706586	6.04	6.649071392913175	AA	4.630251490066225	13.743176490066226	96.5	-4.796	37.525356953642394	128037.SZ	002542.SZ	20180503
8.345534407027822	0.6442166910688107	12.0	20.361026615969593	AA	8.322247083333334	37.882527083333336	127.0	31.14	79.23620441666668	113031.SH	601137.SH	20200221
8.519383465670252	0.6539000467071489	9.8	14.62163678764703	AA	10.522338775510203	48.851728112244885	106.4	5.66	150.78868102040815	128144.SZ	002734.SZ	20210330
0.7705887297895485	0.6622392841464109	5.7821	17.131180999304174	AA+	1.415154874526556	18.96744807249961	107.0	7.222	63.79516922917279	127014.SZ	000065.SZ	20191127
0.6850715746421285	0.6676891615541982	2.493	13.076757558151254	AA-	1.5631247492980347	11.872778379462492	96.501	-0.134	38.572861211391896	128051.SZ	002741.SZ	20190115
1.9163763066202115	0.6968641114982553	150.0	16.483857566765536	AAA	4.625281133333333	24.52732235833334	112.3	13.99	68.69764163333333	110079.SH	600926.SH	20210429
1.2315032438094744	0.703338879059169	10.868	31.02911732444753	AA+	4.473488314317261	23.84684360047847	117.314	14.2	70.26905953257268	128096.SZ	002701.SZ	20200320
1.741803278688531	0.7093316519546072	30.8835	19.993796779797602	AAA	3.7262346560461093	30.84396271471821	120.3	24.5	100.60174099438211	110062.SH	600498.SH	20191231
1.455462837182224	0.7568406753347575	5.2	9.261359174472773	AA-	7.0384853846153845	36.515987788461544	110.0	6.4	103.2421798076923	113612.SH	603681.SH	20210113
2.435282837967408	0.7670182166826435	7.8	2.614691533191915	AA	12.694096923076923	34.39202365384615	100.5	0.87	71.61581230769231	113505.SH	603618.SH	20180402
2.4106717484516444	0.7717960933778011	5.95	16.10813424029811	AA-	19.361330420168066	36.06835928571428	110.11	9.38	92.03882100840336	113600.SH	603978.SH	20200917
3.7549407114624476	0.7806324110671858	8.17	11.865533333333333	AA-	5.543146022031824	27.97749993880049	100.0	1.2	83.38351260709916	123096.SZ	300078.SZ	20210305
5.105105105105099	0.800800800800798	8.0	9.742791529004036	AA	8.280104875	14.5938398125	97.5	-0.61	38.02629625	128064.SZ	002538.SZ	20190513
3.142613151152867	0.8112724167378333	12.0	23.067727406404813	AA	6.455796416666666	16.854671145833333	117.01	18.51	51.46291291666667	113607.SH	603568.SH	20201203
5.276422764227649	0.821138211382118	1.8	5.8078086419753205	A+	9.026137222222221	40.75257930555556	121.21	21.8	136.34727	113552.SH	603960.SH	20191225
0.9736023286158777	0.8230452674897194	8.0	21.119694000023003	AA-	3.72873425	19.18744078125	103.0	0.22	60.01279037500001	123105.SZ	300229.SZ	20210506
3.4419923061348507	0.8331646082202807	2.3	10.98223529411766	A+	2.184425652173913	6.915669130434783	98.1	-1.774	17.161676956521738	128070.SZ	002877.SZ	20190729
1.6384395813511023	0.8372978116080017	2.14	1.7184079601990199	A+	27.301101869158877	36.10241086448598	105.99	4.531	77.25816915887852	128079.SZ	002846.SZ	20191127
1.8679452602137694	0.8390770152831919	4.6	12.520295937254744	AA	1.9548795652173916	15.89081347826087	105.09	6.51	52.02899152173913	113532.SH	603817.SH	20190430
3.312817965206671	0.8472939033477829	3.4	0.5171276872315111	A+	11.003666470588236	21.00172573529412	109.2	7.8	61.99688764705882	123027.SZ	300487.SZ	20190710
4.298527669656455	0.8630902013877102	2.088	23.559022624702685	A+	18.6367811302682	51.79188374042147	123.55	18.78	134.19061829501916	113574.SH	603679.SH	20200506
2.6261762189905844	0.8639863130881017	3.2	6.932895606923539	A+	30.8296265625	73.71741890625	127.0	15.07	175.77961875	123118.SZ	300779.SZ	20210730
1.4882182720132262	0.8784621744522471	3.3	4.639209708385317	AA-	2.3295869696969698	10.62528484848485	96.19	-4.08	26.63121878787879	113524.SH	603677.SH	20190111
2.040217391304343	0.9021739130434764	1.4	4.170644620702468	A+	3.492824285714286	9.229075178571426	93.0	-8.683	22.007382857142865	123013.SZ	300539.SZ	20180824
2.901401524465201	0.9023850504057037	8.77	15.514865293185398	AA	2.989926339794755	37.763859663626	118.0	19.183	116.65916088939565	128083.SZ	002376.SZ	20200107
1.834862385321101	0.9174311926605505	8.0	18.913450118161947	AA	5.942287874999999	45.577916125	106.0	10.05	125.9256475	123083.SZ	300682.SZ	20210112
4.436983939751385	0.9255058524634882	12.3	18.030022967664294	AA	4.529820894308942	24.871871626016254	112.21	13.16	68.96500699186991	123022.SZ	300088.SZ	20190416
1.9452631578947388	0.9347368421052626	2.689	35.10161565164442	AA	9.622339531424322	69.72304146522872	120.0	19.16	218.0285645221272	128122.SZ	002436.SZ	20200821
3.9825946456138546	0.9446564122253396	14.0	23.503159344692936	AA+	8.954919285714285	59.33118591071428	120.01	17.399	140.3883212857143	128104.SZ	002831.SZ	20200507
4.556063859583602	0.9616282326580162	8.7472	5.635512139033216	AA	15.648388284250961	29.937923335467353	103.5	5.09	81.77287943570515	110050.SH	600728.SH	20190125
1.5925096030729906	0.968309859154936	6.968	15.346133971291852	AA-	27.270865671641793	54.558407756888634	130.0	31.02	25.05490901262916	113571.SH	603916.SH	20200408
1.0556708472435277	0.974465397455561	6.34	7.876259050683809	AA-	5.123120977917981	24.811956190851735	113.5	11.81	74.67461829652997	113528.SH	603897.SH	20190326
1.3347622759158266	0.9937646141854989	29.9625	27.4766599882295	AAA	2.6581416437213186	12.432891088861075	103.0	3.0	36.973287142261164	113024.SH	601611.SH	20190507
2.5614108754986327	1.0182657988662596	4.5	12.693202614379096	AA	2.3906966666666665	9.063353	96.65	-0.02	17.935172222222224	113509.SH	603179.SH	20180628
3.6998432601880906	1.018808777429476	16.3	17.097600321079565	AA	18.645940245398773	60.558096963190195	125.0	27.99	167.2171945398773	128098.SZ	002773.SZ	20200407
1.4922606358327921	1.0288256557604962	50.0	18.182889733840323	AAA	4.588347939999999	27.995935185	108.95	9.07	92.33233714	128129.SZ	002958.SZ	20200924
1.6746287526295607	1.037316448875123	5.65	-0.18133490149955245	AA-	3.8488407079646008	7.2865800884955725	98.05	-3.659	16.523753274336283	123011.SZ	300473.SZ	20180820
1.4581332401990759	1.0390290753514344	40.0	14.369392483182853	AAA	4.397387475000001	11.027154137500002	115.55	14.05	34.72005200000001	110061.SH	600674.SH	20191206
1.8194201206460445	1.041058571706551	1.9157	2.354989607458857	AA	6.437583650884794	29.095436002505608	102.0	2.08	91.57701258025787	113536.SH	603578.SH	20190628
1.4948453608247483	1.050379303637437	12.4	6.6428355015734075	AA	2.704007016129032	11.00266949596774	106.5	3.12	23.0033764516129	128005.SZ	002408.SZ	20140519
1.1724335144409532	1.0580497569345149	6.5	35.51436554895826	AA	7.6678816923076925	19.071951615384613	106.51	7.15	42.68464292307692	125731.SZ	000731.SZ	20100701
1.9724863443253113	1.0621080315597786	3.54	9.575758935572388	AA-	2.429784463276836	4.491176836158192	98.0	-2.537	10.92577824858757	128025.SZ	002728.SZ	20180104
3.0495277917958257	1.0741835484103386	20.0	37.96571371783182	AA	13.5803603	33.93300525	141.0	42.02	26.567254250000005	110082.SH	600885.SH	20211129
1.460641113616307	1.0783256543476074	5.4803	6.381004830829529	AA-	7.504641351750817	25.199096445450078	101.0	3.411	77.7479970074631	123016.SZ	300232.SZ	20181207
1.6596461668070757	1.095197978096038	9.3	27.205315982047896	AA+	3.644265698924731	17.495886021505374	120.5	18.9	54.185701397849456	113631.SH	603689.SH	20211216
7.431749241658235	1.1122345803842206	4.0	13.207691043634862	A+	27.63420525	47.5675681875	125.1	24.3	127.345427	113593.SH	603131.SH	20200814
1.2352259985662633	1.1249379629799863	31.5	8.218458241836114	AA	3.3627143174603176	22.640912420634923	109.997	7.4	72.2971255873016	128081.SZ	002203.SZ	20191220
1.306081754735795	1.1565304087736756	50.0	14.979411042944779	AAA	6.344092	14.492153115	99.01	0.0	33.09652739999999	127012.SZ	001965.SZ	20190509
2.895553257497412	1.1582213029989559	6.73	32.71102677486759	AA-	1.82294309063893	6.351766827637443	100.0	-0.4	16.672526002971765	123087.SZ	300739.SZ	20210111
2.7642794551103314	1.163068589181864	3.7875	6.67142857142855	A+	74.8135395379538	59.690549174917486	130.0	28.5	23.48973227722772	123116.SZ	300624.SZ	20210707
1.5721649484536142	1.1649484536082428	4.4	8.589920177458698	AA-	3.1253438636363633	14.3493875	97.05	-1.26	42.11510272727273	123017.SZ	300618.SZ	20181228
1.6386890487609918	1.2190247801758582	3.3	10.216842550186843	AA-	6.672509393939394	17.03193484848485	100.01	0.05	35.966465151515145	113541.SH	603165.SH	20190819
1.2843720368933669	1.239548314800438	3.2	8.577790397798335	AA	5.8266353125	22.52235640625	111.11	12.37	64.490705625	128001.SZ	002347.SZ	20130201
3.64388039611575	1.2402653591000787	5.5	15.835568845472036	AA-	9.328113090909092	25.15906190909091	110.0	9.1	65.744458	113591.SH	603687.SH	20200729
1.5281757402101186	1.241642788920723	9.5	13.402279400103122	A+	3.5505977894736844	22.835666763157896	110.0	4.85	65.38916463157895	128127.SZ	002775.SZ	20200917
3.4919354838709777	1.2508064516129047	3.56	-0.4414763043919523	AA-	5.568116573033708	32.40978574438201	120.12	19.982	89.1649941011236	123008.SZ	300601.SZ	20180323
2.1025680813096503	1.2568857165024476	6.0	27.513634688316447	AA-	6.224081666666666	25.150307666666667	134.0	34.43	30.921598333333336	111001.SH	605006.SH	20211210
5.995362702881757	1.264215523904174	3.4989	6.512068965517237	A+	1.891645088456372	6.325877847323446	90.1	-8.848	16.270698505244507	123014.SZ	300407.SZ	20180827
3.967943706020331	1.2998436278342578	26.0	13.839445280154594	AA+	9.449389923076922	11.820820442307692	103.0	1.81	26.523360423076927	110024.SH	600820.SH	20131011
4.369800171059774	1.3296011196640847	15.8101	7.537628513952366	AA	10.645140827698752	28.353625672829388	130.15	24.94	16.702214533747412	113583.SH	603939.SH	20200630
1.968764789398957	1.3345953620444833	30.0	31.26468213866054	AA	4.8815836	33.4436809	102.0	6.73	106.796479	113048.SH	601778.SH	20210604
2.6913302503853718	1.3519143440403303	8.8251	12.231728880157156	AA	4.951390012577761	13.721170043398942	100.5	-3.42	33.12850381298795	128018.SZ	002527.SZ	20171208
1.6617790811339204	1.3641207189594344	7.8	17.639543167039662	A+	1.9980989743589743	15.692612019230769	117.2	16.1	50.42901487179487	128015.SZ	002279.SZ	20170703
3.544520547945206	1.4126712328767173	30.0749	13.40787992758925	AAA	9.243504783058297	22.144445143624743	110.7	14.92	52.670812272027504	110049.SH	600690.SH	20190124
1.9563146131447982	1.4131412339830667	3.5	21.62166640188188	AA-	1.3151025714285716	17.07299064285714	115.211	14.57	47.7653	129031.SZ	002031.SZ	20110810
1.4216450048872014	1.4216450048872014	2.14	6.755303867403328	AA-	4.189721962616822	36.23387231308411	107.0	4.666	109.89536635514017	128076.SZ	002722.SZ	20191114
2.5507068223724594	1.423888547428806	18.3911	14.028217503901264	AA	3.792688365568128	11.999547580079495	97.47	-3.06	35.087114038855745	113025.SH	601677.SH	20190513
2.8630278063851713	1.4418125643666382	9.8	13.204522337033131	AA-	5.670627448979591	9.442479974489794	95.0	-4.44	21.239603469387752	110058.SH	600105.SH	20190514
3.0640668523676853	1.4484679665738183	6.7	27.104029554179498	AA	4.549292835820895	40.05584302238805	105.0	8.1	122.74142492537314	123101.SZ	300607.SZ	20210402
2.3545091070635324	1.4660151043980505	3.6	13.368875470835583	AA-	5.137674722222222	32.53114152777777	110.1	12.35	92.85647472222222	113548.SH	603688.SH	20191128
4.136514766282016	1.4766282026207616	10.0	33.08564212663936	AA	6.1143996	22.275613800000006	100.0	5.52	59.2644397	113619.SH	603920.SH	20210225
2.132323634914309	1.5145476285372619	6.6	16.332821883181925	AA-	4.174449696969698	19.775429015151516	100.41	0.83	63.65084636363636	113540.SH	603636.SH	20190809
2.2654909283224183	1.516443427485943	17.3359	17.815533605443832	AA+	2.2050865544909697	7.031545665353399	93.65	-6.84	17.840570492446314	127007.SZ	000665.SZ	20180807
1.6078735152743158	1.518492035117001	2.97	5.564621058189867	A+	2.8023646464646457	21.64240328282828	103.1	1.037	67.14245185185185	123034.SZ	300265.SZ	20191204
1.8061632995065615	1.5361698165906394	4.0	14.353208349173174	A+	5.820124	24.3391994375	112.0	10.38	80.402205	113581.SH	603906.SH	20200525
2.8149606299212593	1.5748031496063077	3.0	1.4999999999999902	A+	37.018081	115.67009091666667	115.0	0.5	236.9217953333333	123097.SZ	300611.SZ	20210302
2.8010940299915106	1.5750259360558347	2.7	18.605574370709355	A+	6.425526666666666	32.3398162962963	106.0	5.19	91.96290148148148	113573.SH	603602.SH	20200528
2.8031496062992143	1.5905511811023703	6.7	16.912471395880992	AA-	9.19241	52.62685891791043	122.0	40.3	114.98984865671642	128121.SZ	002930.SZ	20200813
2.7505532722099266	1.5913162609337181	2.45	25.751520912547555	A+	33.91042244897959	86.71426857142856	111.58	-5.76	227.23470285714282	123080.SZ	300517.SZ	20201228
1.9701019701019649	1.5939015939015932	3.05	2.4006272287798947	AA-	11.377500327868853	18.489452950819672	97.0	-1.8	38.08733606557377	113507.SH	603668.SH	20180511
3.4482758620689653	1.6379310344827636	6.8298	7.972777939042097	AA	5.68823977276055	16.81029089431608	112.12	14.16	48.28656080705145	113538.SH	603658.SH	20190726
2.065205996435684	1.7087745046650544	1.14	19.288749969706398	AA-	5.788048245614035	11.172044298245616	99.3	-4.19	26.305596491228076	113510.SH	603601.SH	20180719
4.709141274238226	1.7313019390581719	6.0	14.737912076414105	AA-	3.4754571666666667	30.925847916666665	117.11	15.03	88.05283283333334	113606.SH	603579.SH	20201126
2.290679304897319	1.7377567140600452	81.5	25.84902486671026	AAA	4.824723251533743	21.14655098159509	125.11	25.4	65.28592872392638	127049.SZ	000876.SZ	20211203
2.1136683889149834	1.7379051197745365	50.0	17.27719417120255	AAA	7.5184421	36.90714414	103.0	6.2	112.77717388	127032.SZ	002966.SZ	20210518
1.7990882448713723	1.7583848909150086	7.6	10.408540708598979	AA	2.480796052631579	15.383867960526318	118.0	20.1	45.28889026315791	128008.SZ	002521.SZ	20141016
2.8419508617528497	1.7601760176017618	2.05	23.74060135653382	A+	4.72524	27.012088048780488	117.5	12.2	81.12278146341464	113572.SH	603663.SH	20200415
3.133208255159478	1.7917448405253387	10.0	9.07713858424728	AA-	7.8308979	30.65636872499999	107.2	4.49	89.6610701	111000.SH	605222.SH	20210623
2.1434460016488117	1.8136850783182217	6.0	33.961062434142676	AA-	8.651758166666665	60.94458649999999	119.0	23.5	182.61012666666667	127041.SZ	002833.SZ	20210816
2.8944911297852554	1.8207282913165295	25.0	10.1125399749731	AA+	6.25724328	17.69564194	106.33	6.72	53.49073072	128107.SZ	002061.SZ	20200528
2.207792207792199	1.8398268398268274	6.0	34.14841670050932	AA+	19.995948	22.563199666666666	90.0	-8.78	45.15750183333333	127028.SZ	000411.SZ	20210316
2.6565295169946324	1.8604651162790682	2.8	9.842686983730143	A+	8.457553214285715	46.10946982142857	120.0	15.97	113.27608321428572	113570.SH	603331.SH	20200414
7.260717410323715	1.8792650918635136	1.6666	13.45065040650406	A+	54.10056102244089	55.129889145565805	115.0	11.111	94.73860494419777	123042.SZ	300619.SZ	20200220
2.682313495389776	1.8860016764459346	21.0	27.39966472279196	AA+	2.0912064285714282	14.424335011904763	116.02	18.67	47.75893257142857	110016.SH	600674.SH	20110408
3.7170515023257784	1.9067175124670068	10.4	9.292047879616948	AA	2.3769328846153845	22.567164350961537	102.77	0.04	66.49997423076921	128019.SZ	002318.SZ	20171207
2.620524104820954	1.9203840768153646	15.5	4.198767801500236	AA	9.746201483870967	20.742183725806452	100.0	-1.0	45.52924812903226	110080.SH	600133.SH	20210518
2.210349884768489	1.9694112717368635	12.54	25.377560225591477	AA-	2.758193141945774	8.349383492822966	97.0	-3.35	21.712792663476876	113534.SH	603876.SH	20190509
2.4444444444444438	1.982905982905977	5.4	13.606123260437354	AA	8.118400185185184	30.123937453703704	118.0	16.8	84.99565833333332	113036.SH	601789.SH	20200812
3.1731041646992155	1.9831901029370047	4.35	8.143139121954036	AA-	10.525345287356323	37.619002643678165	113.0	9.27	87.82700551724139	123033.SZ	300748.SZ	20191129
4.220779220779218	2.0420369104579636	25.0	8.453422899615703	AA	3.6531782399999995	19.79329553	119.21	19.02	64.02204652	113623.SH	603225.SH	20210513
3.58527131782946	2.0639534883720887	8.8	9.031982765521796	AA	15.104625795454545	23.413077471590906	108.0	3.9	64.0595125	113549.SH	603861.SH	20191217
2.579573277369712	2.273522210563129	7.2	24.462859602138632	AA	3.065880416666667	21.030496284722222	123.51	15.68	65.08891055555556	110012.SH	600798.SH	20110126
2.9430294302942994	2.3310233102331055	30.0	20.3220670524229	AAA	3.9832824	32.12289629166667	115.0	13.95	102.32536306666665	127039.SZ	000582.SZ	20210729
4.012738853503186	2.335456475583867	7.3	38.94709690505977	AA-	7.805490136986302	26.45447297945206	93.8	-10.85	64.79428082191781	123086.SZ	300065.SZ	20210219
2.689361702127657	2.357446808510635	80.0	21.380432899068325	AAA	4.07851695	24.882263075000004	115.0	16.0	76.93222055	110073.SH	600061.SH	20200826
2.9736939432330645	2.3599121819941686	3.0	28.757831063583183	AA	11.498354333333333	25.755471833333335	130.0	30.0	56.44625933333332	125887.SZ	000887.SZ	20110307
4.035368262628156	2.408051923619605	2.19	23.490183381088812	AA-	9.894353424657535	62.48418333333335	116.0	8.2	181.15849132420092	123065.SZ	300246.SZ	20200930
2.7052681537731456	2.4110109159943107	16.1594	14.545447829001423	AAA	3.180880230701635	24.875992116043914	104.0	6.39	76.71240126489845	110057.SH	600420.SH	20190509
2.4729520865533288	2.4729520865533288	6.6497	3.1044033357650935	AA-	2.007423342406424	6.477037648314961	100.0	-2.297	17.328594974209363	123018.SZ	300381.SZ	20190129
4.903677758318734	2.574430823117336	5.83	21.179831959733697	AA-	2.882978559176672	18.243437221269296	114.0	16.66	56.21081492281305	113625.SH	603208.SH	20210707
3.958726064093655	2.5895426133544985	3.8	9.420988890963189	AA-	17.718865	50.777150263157885	105.0	0.36	131.8128244736842	123100.SZ	300543.SZ	20210322
10.065217391304339	2.615942028985517	8.7	17.04848280821811	AA	16.101851724137934	38.93957985632184	121.0	35.04	5.686363448275863	113562.SH	603659.SH	20200210
3.7424892703862658	2.6180257510729588	23.0	9.646343527700196	AA+	7.4245164782608715	36.47866752173913	112.0	16.34	106.76947686956522	128035.SZ	002008.SZ	20180309
2.75091540700403	2.6664162989390565	7.87	17.3935596535028	AA	9.158260355781447	44.49361902795427	108.1	12.17	126.41934472681066	110074.SH	600577.SH	20200925
3.08183879612452	2.762317048031341	10.97	24.23548289711288	AA	1.7316523245214221	9.047309298085688	99.0	0.04	26.80152871467639	113518.SH	603816.SH	20181015
3.5250823164826657	2.7793918264574766	30.0	8.624806497329129	AA+	10.4551242	33.902312650000006	106.0	7.91	87.84081746666666	113018.SH	601128.SH	20180212
5.217391304347826	2.7826086956521765	18.8	31.16334196891193	AA	8.901673776595745	45.44976337765957	112.0	14.2	142.4988195212766	128134.SZ	002541.SZ	20201106
5.133628318584072	2.7964601769911472	260.0	17.28556451489287	AAA	2.1188554923076923	6.4880154201923075	114.0	14.069	18.047296276923078	127010.SZ	000001.SZ	20190222
3.5354273192111054	2.804967129291456	15.0	11.368634874663064	AA+	16.40722086666667	41.195461616666655	133.0	34.28	22.117390733333334	113047.SH	601636.SH	20210513
13.328885923949294	2.841894596397592	7.0	30.277130241298188	AA-	89.03748428571429	52.45660096428572	145.0	42.1	31.41179914285714	113630.SH	603212.SH	20211129
4.528445971744946	2.8560519282168837	20.5	39.351722485300854	AA	3.5451329756097563	9.671961158536586	127.0	30.96	9.095984341463414	113632.SH	603733.SH	20211215
3.0212765957446783	2.859574468085106	12.5	8.99992325909784	AA	4.41364064	18.333367980000002	119.3	15.9	58.1686956	113554.SH	603733.SH	20200116
3.009345794392522	2.859813084112152	10.8699	13.603338213762829	AA	2.146230968086183	28.767004848250675	106.49	7.22	97.76703014747146	110060.SH	600326.SH	20191204
3.0371842179960336	2.9236446210615985	28.3	5.648173469484763	AA+	2.2984520141342757	11.604547924028266	104.0	3.89	35.903595865724384	110048.SH	600483.SH	20190107
5.717948717948716	2.948717948717951	2.4	14.78163431433941	AA-	13.209500416666668	42.80627322916666	125.0	22.85	121.13654041666668	113577.SH	603890.SH	20200519
4.1970443349753745	2.955665024630542	4.2	21.80928159754196	AA-	5.485100238095238	46.37473541666666	109.0	1.1	134.14822666666666	128138.SZ	002973.SZ	20201230
4.151426481346019	2.9626920263350356	10.0	7.205982000343325	AA-	4.2609136	28.073165775	114.75	14.935	74.8268952	123019.SZ	300393.SZ	20190328
3.302887720269396	3.007657532982752	2.0	8.710113537629848	AA-	2.2042485	19.697487125	116.2	8.97	59.935171	113580.SH	603665.SH	20200526
3.366733466933867	3.016032064128262	6.7	4.903301310043706	AA	0.44053477611940295	6.517046305970149	100.0	1.45	20.596682835820893	113523.SH	603568.SH	20190103
5.586741512964443	3.0740443731622586	14.0	23.834132996164392	AA	3.9266960714285712	29.21280582142857	111.0	12.0	72.38817078571428	128131.SZ	002815.SZ	20201012
5.649367871983025	3.0854919989390814	2.8	4.641890570711316	A+	14.276839285714289	54.504733035714295	113.0	9.7	87.65769285714286	123051.SZ	300532.SZ	20200706
11.12970711297072	3.089539748953969	12.0	6.608880461665301	AA-	238.97509249999996	172.541347375	130.0	22.2	264.628803	128097.SZ	002614.SZ	20200324
4.319654427645781	3.1037516998639956	5.5	20.834980962820037	AA	14.610729272727273	40.91087100000001	123.8	33.64	30.087675636363635	113588.SH	603108.SH	20200717
6.0239613031361054	3.1489252650799378	2.0	-0.3830980139861162	A+	10.3945435	43.84563887499999	130.0	33.01	130.537717	123038.SZ	300545.SZ	20200205
4.496516782773907	3.1575137971591376	11.2	7.952793711573847	AA	18.10203008928572	41.20022031250001	101.1	6.36	104.73457	113517.SH	603019.SH	20180829
3.255813953488372	3.162790697674424	18.0	15.05008519157518	AA+	12.841968277777777	32.462876833333326	106.0	8.8	76.84886805555556	110077.SH	600461.SH	20201223
6.656238056723347	3.181911102025578	1.773	5.28387581246248	A+	10.225081782289905	52.911925972927236	114.0	11.11	146.50914777213762	128091.SZ	002873.SZ	20200123
4.2329134833780655	3.240759859591158	10.0	-3.14178229317853	AA	16.0787662	22.852980425000005	99.0	-3.168	44.188224	128041.SZ	002446.SZ	20180820
3.5120147874306813	3.2439926062846496	4.61	18.222955062200352	AA	24.27650563991323	21.786444522776574	108.99	8.91	40.511976355748374	128003.SZ	002185.SZ	20130903
5.314680898095801	3.2620709255691933	10.0	10.446438546807535	AA	3.5120575	12.35672465	97.8	-4.908	26.2699623	128023.SZ	002284.SZ	20180102
3.7818181818181786	3.45363636363637	5.97	-1.6283378888909072	AA	12.591164154103854	39.94150933835847	116.0	13.8	115.20246247906198	123002.SZ	300388.SZ	20171229
3.935860058309035	3.489795918367341	5.2	25.743351525052383	AA-	6.217152307692308	31.660742451923074	109.9	8.368	95.60440769230769	128093.SZ	002455.SZ	20200204
3.849296019468105	3.511211541804269	2.23	14.716912843197294	A+	3.8997331838565024	33.150383183856505	122.0	16.65	110.09953901345291	123039.SZ	300577.SZ	20200206
3.7696412324489055	3.523741608675332	26.6002	14.008382642762385	AA	3.6218123172006225	26.985264669062637	119.999	20.319	86.21936425290035	128084.SZ	002745.SZ	20200116
9.527121001390812	3.609179415855353	86.0	20.89213120108484	AA+	16.228134093023254	39.56892957558139	131.5	29.16	21.755037453488374	110081.SH	600745.SH	20210826
3.981659388646286	3.624454148471621	58.0	26.693181911164455	AAA	3.903843	13.282124064655173	115.0	15.96	32.634537344827585	128080.SZ	002352.SZ	20191213
5.98404255319149	3.625886524822698	6.5	9.750097289909565	AA	11.451758	41.38600292307692	120.0	10.0	129.25499599999998	128116.SZ	002961.SZ	20200730
4.033546325878601	3.674121405750806	25.0	2.8641972107927183	AA+	4.59909524	11.346319420000002	97.2	-0.8	22.81593676	113516.SH	603323.SH	20180824
5.069941999317624	3.684749232343894	17.0	22.797222661992556	AA	12.135588823529412	30.256628191176468	134.11	36.87	6.158704411764706	113611.SH	603806.SH	20201228
16.383169203222916	3.6884512085944405	10.0	37.272320863707485	AA	4.1426452	36.791642675	106.6	13.0	112.5625915	127031.SZ	000902.SZ	20210429
4.971763924260873	3.731591185915186	8.8648	13.566861033757082	AA-	7.838208758234815	15.730469948560598	101.0	-3.05	29.20482120296002	113609.SH	603776.SH	20201229
4.21698113207547	3.7735849056603774	200.0	12.445422546306762	AA+	1.660184715	8.125751382499999	105.5	5.94	24.019039825	110023.SH	600016.SH	20130408
4.340731070496078	3.7859007832898213	5.0	16.08832807570979	AA-	13.8721602	17.46991325	100.0	-3.5	38.4488902	123089.SZ	300040.SZ	20210114
4.431818181818177	3.7954545454545388	6.3	27.049819019672118	AA-	6.587064761904762	21.211037142857144	129.8	34.0	66.03019492063491	128233.SZ	002233.SZ	20100927
5.744376321804704	3.8206831727585375	3.2	6.006278125000009	AA-	2.850025	10.06672265625	97.23	-6.99	24.00806125	128050.SZ	002865.SZ	20190104
4.01511572980633	3.8261691072272193	6.0	0.40628650851508574	AA	9.150982833333336	35.399492333333335	108.9	6.16	106.74827083333334	113506.SH	603421.SH	20180518
8.036529680365291	3.852220838522209	49.0	12.551658410826683	AA+	8.263092142857143	13.338665387755105	116.66	19.19	36.54616477551021	113501.SH	603993.SH	20141222
5.047912388774817	3.867214236824102	100.0	8.306279270312512	AAA	5.44937155	13.528852152500003	111.5	12.379	37.26446447	128024.SZ	002142.SZ	20180118
6.563039723661493	3.8860103626943006	5.73	7.1138222636721204	AA	5.510020593368236	36.69406252181501	120.0	19.0	116.16911361256545	128058.SZ	002139.SZ	20190412
5.037783375314862	3.937867338371127	70.0	14.748689148705374	AAA	3.0108466285714286	21.558246574999995	116.0	20.01	70.28206908571428	113013.SH	601211.SH	20170728
4.047932330827056	3.9464285714285694	3.68	2.8243477843762577	A+	4.626118206521738	27.634309171195653	109.0	8.38	79.10660353260869	128056.SZ	002863.SZ	20190328
6.591698665203884	3.949533735600665	3.0	38.74327538781181	AA-	4.679241333333333	28.290224500000004	112.1	13.04	87.91207466666665	113597.SH	603912.SH	20200827
5.605242868157294	3.970701619121053	20.0	26.608758309925086	AA	6.48089725	16.95350435	126.01	27.75	43.34535899999999	126630.SZ	000630.SZ	20100812
4.100056422794808	3.9966146323114535	3.9	6.774033440616711	AA+	2.6610046153846154	11.178685192307691	103.7	6.87	29.697040256410254	113526.SH	603797.SH	20190222
13.404695010100555	4.024736650645132	15.2	13.097219430897056	AA	7.979914144736841	41.91582014802632	130.0	26.8	118.59909934210528	128088.SZ	002916.SZ	20200122
5.573287503068993	4.034700057287836	95.5	36.68475031646916	AA+	4.257847057591623	14.757601269633508	130.0	28.8	4.535247937172775	127045.SZ	002714.SZ	20210916
6.39821029082775	4.310216256524982	3.56	13.638611819907286	A+	10.33483202247191	30.842041292134834	127.03	29.42	50.68711123595506	113556.SH	603690.SH	20200115
4.970175438596488	4.385964912280702	5.0913	4.210165864925108	AA	2.0504529295071983	24.452941390214676	112.1	14.52	74.0292669848565	127009.SZ	000811.SZ	20190227
6.312655086848635	4.4267990074441625	18.0	16.17575836511196	AA+	5.316097	13.654735486111115	96.52	-0.01	26.548119444444445	110040.SH	600183.SH	20171215
10.719504856872701	4.427060947305085	160.0	27.120842105263176	AAA	3.63292699375	18.696300610937506	110.23	17.0	52.89118633125	110075.SH	600029.SH	20201109
4.656260961066282	4.437039635215703	6.0	27.50236422050034	AA	5.997497	39.958571375000005	119.2	16.4	120.73604583333334	123064.SZ	300482.SZ	20200929
7.453183520599242	4.49438202247191	9.0437	15.803521174213952	AA-	19.798632086424806	39.58680462642502	130.0	30.9	25.094656832933428	123114.SZ	300775.SZ	20210618
4.726413379385568	4.671877840392656	39.6512	16.72883316274305	AA+	4.996484721773867	18.0570647357457	111.81	14.13	51.77202800924057	110051.SH	600522.SH	20190328
7.189542483660134	4.6778711484593885	10.0	9.071717668986267	AA	3.6579432	21.50978185	106.0	7.5	68.4618745	113533.SH	603233.SH	20190430
20.206067544361773	4.741461553138727	2.5	14.601936657460634	A+	4.143465600000001	24.2824561	113.0	0.04	60.1622936	123093.SZ	300651.SZ	20210224
5.45032039997184	4.781353425815098	21.9894	35.704311582232286	AA	8.091766078201314	24.550335138748668	130.0	35.0	13.887210428661081	127050.SZ	002984.SZ	20211210
9.403124775001803	4.946360429116571	9.5	11.960747028862517	AA	57.245909789473686	133.29584860526316	130.0	41.26	198.46772494736842	128119.SZ	002726.SZ	20200813
5.861456483126118	4.946714031971587	100.0	5.007935882862569	AAA	6.13469716	16.984326745	105.0	7.38	31.82429054	110029.SH	600023.SH	20141103
11.965365380309024	4.95633350750169	3.3	-0.34813698115235825	AA-	28.793572727272736	61.66854128787879	133.0	26.03	19.368973333333336	113598.SH	603966.SH	20200831
5.2177985948477685	4.964871194379389	2.9	19.019075908846396	A+	23.878885172413792	52.66534862068964	108.0	6.63	121.58258724137929	113561.SH	603089.SH	20200214
5.413949812290066	4.999012052953964	8.4316	12.879341991866756	AA	11.124823165235544	46.94676262512453	104.6	1.75	116.12858733810901	110038.SH	600566.SH	20171205
5.213222810346549	5.023469489663439	16.0	10.06686399203005	AA+	7.57065475	10.385997203125	97.15	-3.1	22.449193812499995	110039.SH	600845.SH	20171211
6.096237337192471	5.028943560057889	2.8	14.115354604009278	A+	3.8603396428571433	29.14605830357143	123.0	19.45	94.09432357142859	123037.SZ	300260.SZ	20200205
9.086131386861318	5.109489051094891	28.3	15.283708913917305	AA+	5.0313765724381625	27.041133833922263	130.0	35.6	77.98239010600706	128102.SZ	002311.SZ	20200422
5.855369670804093	5.135815794207585	12.05	13.140809028624778	AAA	12.52294356846473	21.268638589211616	115.0	10.02	58.89079842323651	110022.SH	600085.SH	20121224
5.9292929292929335	5.151515151515146	5.25	3.8741289494518716	AA-	17.36486647619047	39.33461757142858	120.0	11.0	76.57550704761904	113610.SH	603669.SH	20201228
5.897435897435902	5.2136752136752085	17.8	27.34759667249076	AA	3.646112696629213	19.938921727528086	117.2	21.01	60.99996724719101	113602.SH	603228.SH	20200928
7.925696594427252	5.236620964175146	6.91	6.445419538819874	AA	2.5308740955137483	11.051421454413893	108.0	8.55	32.848137337192476	113504.SH	603989.SH	20180329
9.682363961508987	5.364898237247719	16.38	20.792836488812384	AA+	18.487226373626374	52.07136271367521	110.12	13.5	147.91677014652015	123108.SZ	300003.SZ	20210423
10.941605839416065	5.394160583941596	6.2	11.561226148409887	AA-	57.57673870967742	87.04322120967741	134.02	32.07	32.870360806451615	113629.SH	603982.SH	20211027
5.816937553464504	5.417735956658115	3.27	16.80265456084513	AA	7.398427217125382	34.45248516819572	109.88	8.73	105.70931865443424	113531.SH	603883.SH	20190426
7.796972939917457	5.480813331294922	30.0	21.63076307764662	AA+	9.618949433333334	18.943981425	130.0	31.0	14.383516533333333	127036.SZ	002050.SZ	20210706
20.288924558587482	5.505617977528101	3.2	0.5909622310648732	A+	24.356565625	47.83840414062501	130.0	21.0	124.6389303125	123066.SZ	300687.SZ	20201021
6.333364424960365	5.512545471504534	40.0	2.6753199453224408	AAA	7.416014575	16.9699446	107.8	6.35	42.860097225	110027.SH	600875.SH	20140731
9.375	5.703125000000009	12.0	0.6088707668556959	AA+	16.549348166666668	27.632775604166664	113.0	24.53	69.25582	128029.SZ	002078.SZ	20180122
10.15013054830287	5.793080939947776	15.0	20.310011976134312	AA-	6.6018136	46.2551336	127.1	23.1	132.3989094	127047.SZ	002798.SZ	20211202
8.679853859095488	5.893420672765829	7.0	9.620210210210223	AA	3.3919975714285715	9.326951678571428	99.999	-0.1	25.609475857142858	128021.SZ	002562.SZ	20180103
11.267123287671225	5.924657534246579	5.0013	0.4082011070110747	AA-	135.61277947733592	91.01233104392858	128.99	36.82	17.114921720352708	113590.SH	603187.SH	20200731
8.969804618117237	5.972468916518658	1.85	-1.576474045723586	A+	21.890182702702702	60.500856351351345	116.95	10.56	135.0187816216216	123031.SZ	300655.SZ	20191009
8.05084745762712	6.093220338983049	18.426	33.49850837641504	AA	4.773710300662108	22.567010379355263	118.0	19.22	59.28654319982633	110076.SH	600521.SH	20201201
9.413580246913595	6.095679012345684	50.0	11.534513600374252	AA+	27.0683449	23.687431415	117.0	23.5	51.535215	127030.SZ	000301.SZ	20210514
10.925032016550082	6.354053787804146	5.2	27.037653143402206	AA-	13.844447884615382	71.98093115384614	101.99	2.31	219.2749821153846	113618.SH	603538.SH	20210210
9.308676590951459	6.401082649249208	7.5	23.0363943254305	AA+	6.750034	39.78718773333335	125.1	23.3	118.52807533333336	123040.SZ	300003.SZ	20200206
7.203065134099621	6.513409961685824	7.0	28.58957332402983	AA	59.517474428571425	56.38298846428572	118.0	22.6	125.96110914285715	127037.SZ	002126.SZ	20210715
17.76982707215266	6.566785927251045	3.16	13.640918624435837	AA-	7.536100316455697	15.488055854430375	150.0	48.32	7.578497468354429	113587.SH	603039.SH	20200720
8.16192560175054	6.641137855579861	2.8	17.863256236654102	A+	5.2437275	18.215034107142852	100.0	-5.84	52.0289175	123084.SZ	300499.SZ	20210114
7.35049064987965	6.6469172375486085	25.0	9.587838057180065	AA+	4.82265204	12.768543509999997	106.0	7.57	34.15128136	110025.SH	600109.SH	20140609
31.24171453822359	6.725585505965532	3.88	5.989267057165137	AA-	18.322466237113403	55.79676333762887	111.8	10.0	155.08249768041236	123067.SZ	300382.SZ	20201021
6.886918498724646	6.848961496416852	10.0	19.91563141389987	AA	15.1983683	31.5185325	130.0	33.35	82.1988083	123036.SZ	300450.SZ	20200116
23.975851660198355	6.942647692971106	5.77	11.266234269262899	AA	15.914180242634316	77.08369475736568	115.0	13.0	219.6318019064125	123079.SZ	300772.SZ	20201231
19.801980198019802	6.9801980198019775	5.7	36.65545681092317	AA-	8.799454385964912	35.369488991228074	106.2	3.45	103.97005315789472	123081.SZ	300709.SZ	20201228
10.36522462562395	6.99251247920132	10.0	13.34513434087452	AA	3.4906755	24.636332974999995	117.5	20.2	76.1897986	128078.SZ	002368.SZ	20191114
10.459324847814061	7.13099849790497	10.0	26.678925035360667	AA+	7.3574311	44.90071849999999	115.1	22.01	136.5319661	127017.SZ	000789.SZ	20200708
9.135385913116826	7.144664698439477	9.9242	3.8775827870482615	AA-	5.958115112553152	34.01728879909715	108.0	9.57	93.19706334011808	113550.SH	603035.SH	20191218
16.430358632193485	7.164303586321937	3.0	33.002827450746075	AA-	25.392332666666665	31.829813166666675	118.99	21.29	65.65582766666667	113564.SH	603136.SH	20200320
12.062546537602373	7.282204020848846	9.726	7.440003243552629	AA	10.92886993625334	63.764218383713754	130.0	25.0	154.94360816368496	128115.SZ	002444.SZ	20200722
10.523809523809524	7.448979591836727	31.4404	-8.658063390116222	AA	40.932784824620555	87.63275933194237	130.0	41.01	174.631432297299	128108.SZ	002382.SZ	20200629
19.083969465648856	7.519083969465645	5.5	24.635813904420267	AA	24.48265509090909	85.76040168181818	118.0	23.0	148.5709567272727	123091.SZ	300196.SZ	20210121
9.704225352112676	7.528169014084505	5.85	-2.735676300578005	AA-	45.14466991452991	88.878567991453	130.0	39.0	214.2602594871795	123056.SZ	300511.SZ	20200730
12.82212445003142	7.573852922690121	5.0319	17.615974640416464	AA	9.112556290864285	10.186704624495718	130.0	29.02	4.113420775452612	113579.SH	603707.SH	20200528
13.271085259452017	7.576917189652538	4.5	5.043476575820494	AA-	13.697237555555557	66.47015155555556	130.0	29.49	182.58837644444444	128125.SZ	002949.SZ	20200827
9.479198146469237	7.59544676135792	15.6	-1.2510618257697947	AA+	12.812921153846155	27.15914828525641	102.4	-1.92	65.29090576923076	113017.SH	601929.SH	20180119
15.340909090909081	7.632293080054274	30.0	20.187456872686838	AA+	12.3232975	27.10139195833334	119.1	18.56	70.631912	113051.SH	601016.SH	20210728
13.500046138230132	7.6866291409061525	2.0674	19.46003281804085	AA-	4.5862329495985295	19.772455257811746	108.0	6.1	52.8189252200832	123057.SZ	300586.SZ	20200731
13.478260869565217	8.008695652173907	50.0	14.329507338094682	AA+	2.03286738	11.49961038	118.0	19.9	31.070485359999996	110054.SH	600438.SH	20190416
8.219178082191771	8.023483365949122	24.0	9.675000090327712	AAA	2.2588623333333335	16.276693656250004	103.0	1.76	49.982894	110042.SH	600372.SH	20180119
9.458715596330277	8.073394495412842	4.6	10.883368822691896	AA-	7.86481695652174	54.23256483695653	103.06	7.0	129.77523065217392	123109.SZ	300151.SZ	20210423
12.385957229399315	8.094299686154299	2.7	30.1994827586207	A+	26.55235925925926	85.2859899074074	130.0	30.0	31.866118888888888	127048.SZ	002896.SZ	20211130
8.828438204373786	8.38108019752577	6.5	6.488090322580642	AA+	2.3633521538461544	15.261618307692308	115.0	14.08	40.964095692307694	127001.SZ	000099.SZ	20130111
9.659863945578223	8.537414965986402	40.0	12.111375230076483	AA+	24.6761676	56.1657865375	130.0	59.3	134.657166325	128112.SZ	002241.SZ	20200717
9.816849816849821	8.571428571428562	11.95	17.155869505708043	AA-	18.895270460251048	39.786993828451884	130.0	44.2	13.143412468619246	123115.SZ	300623.SZ	20210705
11.009174311926605	8.62385321100918	3.84	8.681696055879629	AA	31.138138802083336	55.80122486979167	116.0	12.45	148.03875729166668	113578.SH	603030.SH	20200525
11.665369649805454	8.63813229571984	5.26	38.179592091977234	AA-	6.390938212927757	14.709503422053237	130.0	29.05	6.52807566539924	127051.SZ	002975.SZ	20211223
12.976108693992826	8.816120906801016	14.5	17.17952341411355	AA	7.507445931034483	16.918409862068966	126.11	30.17	41.35999096551724	113035.SH	601865.SH	20200623
11.210604863488728	8.857870248441756	8.0	21.688415813745987	AA+	12.3453425	32.720810375	109.0	10.5	98.021377125	123035.SZ	300296.SZ	20191213
12.873326467559217	8.891177480260891	15.0	23.897368151502274	AA+	32.3342468	54.7870017	130.0	44.0	24.411723600000006	127038.SZ	002049.SZ	20210720
11.332668660684613	9.006314390162835	4.8	21.013838131780883	AA-	9.132156666666667	30.66572026041667	120.0	24.9	44.50518604166667	123098.SZ	300723.SZ	20210301
11.111877394636018	9.019157088122613	4.2	25.49244455495461	AA	12.900183571428574	31.619872261904764	130.0	33.5	87.57291380952381	128011.SZ	002510.SZ	20160330
9.64163822525597	9.522184300341307	6.55	18.64261797689546	AA-	8.938596946564886	40.72752118320611	126.001	24.3	134.0819610687023	128089.SZ	002851.SZ	20200204
16.875000000000014	10.016025641025653	15.0	34.47138063294135	AA+	8.978098666666666	14.6087613	118.0	17.35	37.89535386666667	110034.SH	600998.SH	20160204
10.887029288702921	10.761506276150639	7.0	17.728019256804206	AA	11.786406000000003	55.21049153571428	119.1	17.3	189.59983	128099.SZ	002641.SZ	20200416
12.379466817924	10.961429381735686	9.8	38.06523816707281	AA	12.855899591836733	19.99389176020408	138.0	38.26	16.857538265306122	110030.SH	600185.SH	20150119
11.673819742489266	11.158798283261802	12.0	7.940850707141656	AA	2.699467416666667	24.955112104166666	115.0	18.701	71.38522375	123021.SZ	300168.SZ	20190329
16.424	11.2	4.71	-7.040102443253138	AA-	54.941582590233544	60.48367807855626	130.0	30.201	122.01595116772823	128090.SZ	002510.SZ	20200206
12.862499043538145	11.45458719106282	9.02	35.469046933486915	AA	4.936708314855876	24.84233514412417	135.0	36.03	17.827674168514413	113626.SH	603596.SH	20210727
13.630379746835432	11.52742616033755	40.0	23.91408745834378	AAA	6.600786075	18.8664127125	107.5	15.04	49.41507482500001	127015.SZ	000876.SZ	20200210
14.17698971743179	11.610395919358746	5.0	20.67324746002035	AA	11.042805	69.3144379	121.99	34.8	173.38494880000005	123090.SZ	300298.SZ	20210118
14.960629921259843	12.393700787401581	6.0	15.006629886225763	AA	8.139091333333335	31.152549291666674	120.1	23.21	92.772795	113582.SH	603678.SH	20200701
15.56896551724138	12.931034482758621	18.3	8.330564442422283	AA	8.929007868852459	30.811158210382516	110.0	14.25	79.21673174863388	128109.SZ	002171.SZ	20200701
36.60377358490566	13.147169811320744	3.32	22.66589667080161	AA-	136.8624638554217	104.23748960843375	121.1	18.42	78.91380692771085	113565.SH	603336.SH	20200320
19.9236641221374	13.358778625954198	73.0	31.066134619276674	AA+	8.931762767123288	38.19763779452055	128.3	29.3	105.13034239726026	123041.SZ	300059.SZ	20200220
23.303921568627448	14.568627450980392	2.95	19.34866491742553	AA	2.7197627118644063	42.21725364406779	111.0	15.22	146.309040338983	113030.SH	601515.SH	20200203
20.161290322580644	14.758064516129041	6.3	16.94471285389223	AA-	8.278345396825397	38.09060341269842	120.0	28.0	78.6503734920635	123055.SZ	300138.SZ	20200717
17.755245262928632	16.158071776008523	25.0	33.35676070916816	AA+	3.3792936800000004	19.24752133	119.9	20.5	50.10432508	128009.SZ	002241.SZ	20150105
24.94845360824743	19.257731958762893	5.999	29.252330129721503	A+	23.93961460243374	41.92682513752293	136.0	32.13	30.043906984497422	118001.SH	688598.SH	20210824
21.978021978021978	21.978021978021978	5.0	6.2972173645044816	AA-	20.1600448	68.30283405	130.0	31.23	148.3943022	123053.SZ	300031.SZ	20200707
33.164170279858084	26.034686637761133	4.194	-2.9884682599017776	AA	4.906805197901765	26.677476752503576	102.8	2.343	75.88055245588937	127008.SZ	000070.SZ	20190102
33.35606060606061	29.924242424242426	18.5	-3.025268140018622	AA	8.17508254054054	33.02622818918919	130.0	27.802	63.563234	128086.SZ	002074.SZ	20200116
58.13253012048192	47.66566265060239	9.6	-14.945161811043462	AA+	187.35711145833335	212.13560950520835	130.0	29.0	17.376780208333336	127029.SZ	000928.SZ	20210429
66.66666666666667	48.79674796747968	4.4	7.7777053161314	AA-	3.214125681818181	32.18294465909091	123.98	19.33	102.64271772727272	113555.SH	603301.SH	20200120
